,Player,Team,Pos,Tgt,Rec,RushingAtt,RushingYds,RushingTD,ReceivingYds,ReceivingTD,FantasyPoints,Games,Usage,Touchdowns,TotYdsScrm,FPTS/G,.5_PPR Points,Production
7,Travis Kelce,KAN,TE,136.0,97.0,1.0,4.0,1.0,1229.0,5.0,254.3,16,8.5625,6.0,1233.0,15.89375,1287.5,144.7007299270073
12,Mark Andrews,BAL,TE,98.0,64.0,0.0,0.0,0.0,852.0,10.0,207.2,4,24.5,10.0,852.0,51.8,894.0,35.183673469387756
15,George Kittle,SFO,TE,107.0,85.0,5.0,22.0,0.0,1053.0,5.0,222.5,14,8.0,5.0,1075.0,15.892857142857142,1122.5,135.0
18,Darren Waller,OAK,TE,117.0,90.0,2.0,5.0,0.0,1145.0,3.0,221.0,16,7.4375,3.0,1150.0,13.8125,1198.0,155.0252100840336
21,Zach Ertz,PHI,TE,135.0,88.0,0.0,0.0,0.0,916.0,6.0,213.6,15,9.0,6.0,916.0,14.24,966.0,102.44444444444444
24,Jared Cook,NOR,TE,65.0,43.0,0.0,0.0,0.0,705.0,9.0,167.5,7,9.285714285714286,9.0,705.0,23.928571428571427,735.5,76.89230769230768
30,Austin Hooper,ATL,TE,97.0,75.0,0.0,0.0,0.0,787.0,6.0,189.7,10,9.7,6.0,787.0,18.97,830.5,81.75257731958763
53,Hunter Henry,LAC,TE,76.0,55.0,0.0,0.0,0.0,652.0,5.0,148.2,12,6.333333333333333,5.0,652.0,12.35,684.5,103.73684210526316
56,Tyler Higbee,LAR,TE,89.0,69.0,0.0,0.0,0.0,734.0,3.0,160.4,15,5.933333333333334,3.0,734.0,10.693333333333333,771.5,124.21348314606742
61,Dallas Goedert,PHI,TE,87.0,58.0,0.0,0.0,0.0,607.0,5.0,144.7,9,9.666666666666666,5.0,607.0,16.077777777777776,641.0,63.31034482758621
63,Mike Gesicki,MIA,TE,89.0,51.0,0.0,0.0,0.0,570.0,5.0,136.0,5,17.8,5.0,570.0,27.2,600.5,32.30337078651685
76,Jason Witten,DAL,TE,83.0,63.0,0.0,0.0,0.0,529.0,4.0,137.9,16,5.1875,4.0,529.0,8.61875,564.5,102.74698795180723
156,Darren Fells,HOU,TE,48.0,34.0,0.0,0.0,0.0,341.0,7.0,110.1,14,3.4285714285714284,7.0,341.0,7.864285714285714,365.0,101.5
160,Kyle Rudolph,MIN,TE,48.0,39.0,0.0,0.0,0.0,367.0,6.0,111.7,16,3.0,6.0,367.0,6.98125,392.5,124.33333333333333
167,Greg Olsen,CAR,TE,82.0,52.0,0.0,0.0,0.0,597.0,2.0,123.7,14,5.857142857142857,2.0,597.0,8.835714285714285,625.0,102.26829268292684
169,Noah Fant,DEN,TE,66.0,40.0,3.0,-12.0,0.0,562.0,3.0,111.0,11,6.2727272727272725,3.0,550.0,10.090909090909092,573.0,88.15942028985508
171,Jonnu Smith,TEN,TE,44.0,35.0,4.0,78.0,0.0,439.0,3.0,104.7,14,3.4285714285714284,3.0,517.0,7.478571428571429,537.5,151.66666666666669
172,Jack Doyle,IND,TE,72.0,43.0,0.0,0.0,0.0,448.0,4.0,111.8,16,4.5,4.0,448.0,6.9875,473.5,100.44444444444444
179,Evan Engram,NYG,TE,68.0,44.0,3.0,7.0,0.0,467.0,3.0,109.4,6,11.833333333333334,3.0,474.0,18.233333333333334,499.0,40.309859154929576
181,Tyler Eifert,CIN,TE,63.0,43.0,0.0,0.0,0.0,436.0,3.0,104.6,4,15.75,3.0,436.0,26.15,460.5,27.873015873015873
182,Ryan Griffin,NYJ,TE,41.0,34.0,0.0,0.0,0.0,320.0,5.0,96.0,13,3.1538461538461537,5.0,320.0,7.384615384615385,342.0,103.04878048780488
185,Jimmy Graham,GNB,TE,60.0,38.0,0.0,0.0,0.0,447.0,3.0,100.7,10,6.0,3.0,447.0,10.07,469.0,75.0
196,Eric Ebron,IND,TE,52.0,31.0,0.0,0.0,0.0,375.0,3.0,86.5,2,26.0,3.0,375.0,43.25,393.5,14.538461538461538
199,Cameron Brate,TAM,TE,55.0,36.0,0.0,0.0,0.0,311.0,4.0,91.1,6,9.166666666666666,4.0,311.0,15.183333333333332,333.0,34.36363636363637
201,Blake Jarwin,DAL,TE,41.0,31.0,0.0,0.0,0.0,365.0,3.0,85.5,7,5.857142857142857,3.0,365.0,12.214285714285714,383.5,62.82926829268293
203,Jordan Akins,HOU,TE,55.0,36.0,0.0,0.0,0.0,418.0,2.0,89.8,9,6.111111111111111,2.0,418.0,9.977777777777778,438.0,68.72727272727273
207,Gerald Everett,LAR,TE,60.0,37.0,1.0,0.0,0.0,408.0,2.0,89.8,2,30.5,2.0,408.0,44.9,428.5,13.442622950819672
208,Jacob Hollister,SEA,TE,59.0,41.0,0.0,0.0,0.0,349.0,3.0,93.9,3,19.666666666666668,3.0,349.0,31.3,372.5,17.89830508474576
212,Dawson Knox,BUF,TE,50.0,28.0,1.0,9.0,0.0,388.0,2.0,79.7,11,4.636363636363637,2.0,397.0,7.245454545454546,413.0,86.05882352941175
214,Will Dissly,SEA,TE,27.0,23.0,1.0,7.0,0.0,262.0,4.0,73.9,6,4.666666666666667,4.0,269.0,12.316666666666668,284.5,58.49999999999999
218,O.J. Howard,TAM,TE,53.0,34.0,0.0,0.0,0.0,459.0,1.0,83.9,14,3.7857142857142856,1.0,459.0,5.992857142857143,477.0,121.50943396226415
221,T.J. Hockenson,DET,TE,59.0,32.0,0.0,0.0,0.0,367.0,2.0,80.7,7,8.428571428571429,2.0,367.0,11.528571428571428,385.0,43.77966101694915
226,Hayden Hurst,BAL,TE,39.0,30.0,0.0,0.0,0.0,349.0,2.0,76.9,4,9.75,2.0,349.0,19.225,366.0,36.0
227,Foster Moreau,OAK,TE,25.0,21.0,0.0,0.0,0.0,174.0,5.0,68.4,7,3.5714285714285716,5.0,174.0,9.771428571428572,189.5,50.12
230,Vance McDonald,PIT,TE,55.0,38.0,1.0,2.0,0.0,273.0,3.0,83.5,14,4.0,3.0,275.0,5.964285714285714,297.0,69.5
233,Ricky Seals-Jones,CLE,TE,22.0,14.0,0.0,0.0,0.0,229.0,4.0,58.9,3,7.333333333333333,4.0,229.0,19.633333333333333,240.0,31.772727272727273
234,Kaden Smith,NYG,TE,42.0,31.0,0.0,0.0,0.0,268.0,3.0,75.8,6,7.0,3.0,268.0,12.633333333333333,286.5,38.714285714285715
235,Nick Boyle,BAL,TE,43.0,31.0,0.0,0.0,0.0,321.0,2.0,75.1,15,2.8666666666666667,2.0,321.0,5.006666666666666,338.5,112.67441860465117
238,Irv Smith Jr.,MIN,TE,47.0,36.0,0.0,0.0,0.0,311.0,2.0,79.1,7,6.714285714285714,2.0,311.0,11.299999999999999,331.0,46.61702127659574
245,Josh Hill,NOR,TE,35.0,25.0,0.0,0.0,0.0,226.0,3.0,65.6,11,3.1818181818181817,3.0,226.0,5.963636363636363,241.5,71.97142857142858
264,C.J. Uzomah,CIN,TE,40.0,27.0,0.0,0.0,0.0,242.0,2.0,63.2,16,2.5,2.0,242.0,3.95,257.5,97.6
265,Demetrius Harris,CLE,TE,27.0,15.0,0.0,0.0,0.0,149.0,3.0,47.9,6,4.5,3.0,149.0,7.983333333333333,159.5,33.77777777777778
268,Delanie Walker,TEN,TE,31.0,21.0,0.0,0.0,0.0,215.0,2.0,54.5,4,7.75,2.0,215.0,13.625,227.5,28.0
279,Charles Clay,ARI,TE,24.0,18.0,0.0,0.0,0.0,237.0,1.0,47.7,10,2.4,1.0,237.0,4.7700000000000005,247.0,99.16666666666667
282,Jeremy Sprinkle,WAS,TE,40.0,26.0,0.0,0.0,0.0,241.0,1.0,56.1,13,3.076923076923077,1.0,241.0,4.315384615384615,255.0,78.64999999999999
290,James O'Shaughnessy,JAX,TE,20.0,14.0,0.0,0.0,0.0,153.0,2.0,41.3,5,4.0,2.0,153.0,8.26,162.0,38.75
293,Anthony Firkser,TEN,TE,24.0,14.0,0.0,0.0,0.0,204.0,1.0,40.4,1,24.0,1.0,204.0,40.4,212.0,8.541666666666666
301,Maxx Williams,ARI,TE,19.0,15.0,0.0,0.0,0.0,202.0,1.0,41.2,10,1.9,1.0,202.0,4.12,210.5,106.8421052631579
302,Dan Arnold,2TM,TE,14.0,8.0,0.0,0.0,0.0,127.0,2.0,32.7,1,14.0,2.0,127.0,32.7,133.0,9.214285714285714
315,Rhett Ellison,NYG,TE,28.0,18.0,0.0,0.0,0.0,167.0,1.0,40.7,7,4.0,1.0,167.0,5.814285714285715,177.0,42.0
319,Logan Thomas,DET,TE,28.0,16.0,0.0,0.0,0.0,173.0,1.0,39.3,3,9.333333333333334,1.0,173.0,13.1,182.0,18.642857142857142
323,Marcedes Lewis,GNB,TE,19.0,15.0,0.0,0.0,0.0,156.0,1.0,36.6,11,1.7272727272727273,1.0,156.0,3.3272727272727276,164.5,90.89473684210526
325,Ross Dwelley,SFO,TE,22.0,15.0,0.0,0.0,0.0,91.0,2.0,36.1,6,3.6666666666666665,2.0,91.0,6.016666666666667,100.5,25.363636363636363
326,Jaeden Graham,ATL,TE,10.0,9.0,0.0,0.0,0.0,149.0,1.0,29.9,0,inf,1.0,149.0,inf,154.5,0.0
331,Derek Carrier,OAK,TE,19.0,13.0,1.0,27.0,0.0,108.0,1.0,32.5,4,5.0,1.0,135.0,8.125,142.5,27.2
335,Ian Thomas,CAR,TE,30.0,16.0,0.0,0.0,0.0,136.0,1.0,35.6,3,10.0,1.0,136.0,11.866666666666667,145.0,13.7
336,Matt LaCosse,NWE,TE,19.0,13.0,0.0,0.0,0.0,131.0,1.0,32.1,8,2.375,1.0,131.0,4.0125,138.5,55.578947368421055
339,Vernon Davis,WAS,TE,19.0,10.0,0.0,0.0,0.0,123.0,1.0,28.3,1,19.0,1.0,123.0,28.3,129.0,6.526315789473684
343,Jeff Heuerman,DEN,TE,20.0,14.0,0.0,0.0,0.0,114.0,1.0,31.4,11,1.8181818181818181,1.0,114.0,2.8545454545454545,122.0,63.25
345,Ryan Izzo,NWE,TE,9.0,6.0,0.0,0.0,0.0,114.0,1.0,23.4,4,2.25,1.0,114.0,5.85,118.0,51.111111111111114
348,Nick O'Leary,2TM,TE,18.0,13.0,0.0,0.0,0.0,109.0,1.0,29.9,5,3.6,1.0,109.0,5.9799999999999995,116.5,30.555555555555554
350,Nick Vannett,2TM,TE,22.0,17.0,0.0,0.0,0.0,166.0,0.0,33.6,7,3.142857142857143,0.0,166.0,4.8,174.5,52.81818181818182
351,Ben Watson,NWE,TE,24.0,17.0,0.0,0.0,0.0,173.0,0.0,34.3,8,3.0,0.0,173.0,4.2875,181.5,57.666666666666664
355,Hale Hentges,WAS,TE,14.0,8.0,0.0,0.0,0.0,103.0,1.0,24.3,4,3.5,1.0,103.0,6.075,108.0,29.714285714285715
356,Robert Tonyan,GNB,TE,15.0,10.0,0.0,0.0,0.0,100.0,1.0,26.0,1,15.0,1.0,100.0,26.0,106.0,6.733333333333333
357,Joshua Perkins,PHI,TE,13.0,9.0,0.0,0.0,0.0,87.0,1.0,23.7,0,inf,1.0,87.0,inf,92.5,0.0
358,MyCole Pruitt,TEN,TE,8.0,6.0,0.0,0.0,0.0,90.0,1.0,21.0,10,0.8,1.0,90.0,2.1,94.0,113.75
361,Seth Devalve,JAX,TE,18.0,12.0,0.0,0.0,0.0,140.0,0.0,26.0,6,3.0,0.0,140.0,4.333333333333333,146.0,46.666666666666664
363,Virgil Green,LAC,TE,13.0,9.0,0.0,0.0,0.0,78.0,1.0,22.8,4,3.25,1.0,78.0,5.7,83.5,24.307692307692307
365,Jesse James,DET,TE,27.0,16.0,0.0,0.0,0.0,142.0,0.0,30.2,11,2.4545454545454546,0.0,142.0,2.7454545454545456,150.0,57.85185185185185
366,Daniel Brown,NYJ,TE,11.0,7.0,0.0,0.0,0.0,72.0,1.0,20.2,5,2.2,1.0,72.0,4.04,76.5,33.18181818181818
370,Jesper Horsted,CHI,TE,10.0,8.0,0.0,0.0,0.0,87.0,1.0,20.7,1,10.0,1.0,87.0,20.7,92.0,8.8
371,Tyler Kroft,BUF,TE,14.0,6.0,0.0,0.0,0.0,71.0,1.0,19.1,3,4.666666666666667,1.0,71.0,6.366666666666667,75.0,15.428571428571427
374,Ben Braunecker,CHI,TE,11.0,6.0,0.0,0.0,0.0,59.0,1.0,17.9,3,3.6666666666666665,1.0,59.0,5.966666666666666,63.0,16.363636363636363
380,Stephen Carlson,CLE,TE,7.0,5.0,0.0,0.0,0.0,51.0,1.0,16.1,5,1.4,1.0,51.0,3.22,54.5,37.142857142857146
382,Tommy Sweeney,BUF,TE,13.0,8.0,0.0,0.0,0.0,114.0,0.0,19.4,1,13.0,0.0,114.0,19.4,118.0,8.76923076923077
386,Troy Fumagalli,DEN,TE,9.0,6.0,0.0,0.0,0.0,38.0,1.0,15.8,5,1.8,1.0,38.0,3.16,42.0,21.666666666666668
391,David Njoku,CLE,TE,10.0,5.0,0.0,0.0,0.0,41.0,1.0,15.1,1,10.0,1.0,41.0,15.1,44.5,4.2
394,Mo Alie-Cox,IND,TE,11.0,8.0,0.0,0.0,0.0,93.0,0.0,17.3,2,5.5,0.0,93.0,8.65,97.0,16.90909090909091
400,J.P. Holtz,2TM,TE,8.0,7.0,0.0,0.0,0.0,91.0,0.0,16.1,7,1.1428571428571428,0.0,91.0,2.3000000000000003,94.5,79.625
403,Lee Smith,BUF,TE,5.0,4.0,0.0,0.0,0.0,31.0,1.0,13.1,5,1.0,1.0,31.0,2.62,34.0,32.0
407,Trey Burton,CHI,TE,24.0,14.0,0.0,0.0,0.0,84.0,0.0,22.4,5,4.8,0.0,84.0,4.4799999999999995,91.0,17.5
411,Luke Willson,SEA,TE,10.0,8.0,0.0,0.0,0.0,79.0,0.0,15.9,7,1.4285714285714286,0.0,79.0,2.2714285714285714,83.0,55.3
413,Blake Bell,KAN,TE,15.0,8.0,0.0,0.0,0.0,67.0,0.0,14.7,7,2.142857142857143,0.0,67.0,2.1,71.0,31.26666666666667
420,Adam Shaheen,CHI,TE,13.0,9.0,0.0,0.0,0.0,74.0,0.0,14.4,2,6.5,0.0,74.0,7.2,78.5,11.384615384615385
421,Durham Smythe,MIA,TE,14.0,7.0,0.0,0.0,0.0,65.0,0.0,13.5,14,1.0,0.0,65.0,0.9642857142857143,68.5,65.0
422,Geoff Swaim,JAX,TE,17.0,13.0,0.0,0.0,0.0,65.0,0.0,19.5,2,8.5,0.0,65.0,9.75,71.5,7.647058823529412
426,Tyler Conklin,MIN,TE,10.0,8.0,0.0,0.0,0.0,58.0,0.0,13.8,1,10.0,0.0,58.0,13.8,62.0,5.8
433,Clive Walford,MIA,TE,8.0,4.0,0.0,4.0,0.0,57.0,0.0,10.1,3,2.6666666666666665,0.0,61.0,3.3666666666666667,63.0,22.875
441,Lance Kendricks,LAC,TE,7.0,3.0,0.0,0.0,0.0,50.0,0.0,8.0,1,7.0,0.0,50.0,8.0,51.5,7.142857142857143
444,Luke Stocker,ATL,TE,14.0,8.0,0.0,0.0,0.0,53.0,0.0,13.3,9,1.5555555555555556,0.0,53.0,1.4777777777777779,57.0,34.07142857142857
445,Trevon Wesco,NYJ,TE,3.0,2.0,1.0,2.0,0.0,47.0,0.0,6.9,1,4.0,0.0,49.0,6.9,50.0,12.25
448,Deon Yelder,KAN,TE,4.0,3.0,0.0,0.0,0.0,50.0,0.0,8.0,1,4.0,0.0,50.0,8.0,51.5,12.5
459,Pharaoh Brown,CLE,TE,3.0,2.0,0.0,0.0,0.0,27.0,0.0,4.7,6,0.5,0.0,27.0,0.7833333333333333,28.0,54.0
464,Tanner Hudson,TAM,TE,5.0,2.0,0.0,0.0,0.0,26.0,0.0,4.6,1,5.0,0.0,26.0,4.6,27.0,5.2
468,Johnny Mundt,LAR,TE,7.0,4.0,0.0,0.0,0.0,26.0,0.0,6.6,2,3.5,0.0,26.0,3.3,28.0,7.428571428571429
470,Drew Sample,CIN,TE,6.0,5.0,0.0,0.0,0.0,30.0,0.0,8.0,2,3.0,0.0,30.0,4.0,32.5,10.0
476,Ross Travis,IND,TE,6.0,4.0,0.0,0.0,0.0,51.0,0.0,7.1,1,6.0,0.0,51.0,7.1,53.0,8.5
491,Josh Oliver,JAX,TE,6.0,3.0,0.0,0.0,0.0,15.0,0.0,4.5,1,6.0,0.0,15.0,4.5,16.5,2.5
493,Eric Saubert,CHI,TE,3.0,2.0,0.0,0.0,0.0,21.0,0.0,4.1,0,inf,0.0,21.0,inf,22.0,0.0
499,Antony Auclair,TAM,TE,3.0,1.0,0.0,0.0,0.0,11.0,0.0,2.1,5,0.6,0.0,11.0,0.42000000000000004,11.5,18.333333333333336
502,Sean Culkin,LAC,TE,2.0,1.0,0.0,0.0,0.0,12.0,0.0,2.2,2,1.0,0.0,12.0,1.1,12.5,12.0
510,Chris Herndon,NYJ,TE,2.0,1.0,0.0,0.0,0.0,7.0,0.0,1.7,0,inf,0.0,7.0,inf,7.5,0.0
514,Charles Jones,JAX,TE,1.0,1.0,0.0,0.0,0.0,5.0,0.0,1.5,0,inf,0.0,5.0,inf,5.5,0.0
516,Ben Koyack,JAX,TE,3.0,1.0,0.0,0.0,0.0,9.0,0.0,1.9,6,0.5,0.0,9.0,0.31666666666666665,9.5,18.0
517,Chris Manhertz,CAR,TE,1.0,1.0,0.0,0.0,0.0,11.0,0.0,2.1,6,0.16666666666666666,0.0,11.0,0.35000000000000003,11.5,66.0
520,Isaac Nauta,DET,TE,3.0,2.0,0.0,0.0,0.0,13.0,0.0,3.3,0,inf,0.0,13.0,inf,14.0,0.0
524,Dalton Schultz,DAL,TE,2.0,1.0,0.0,0.0,0.0,6.0,0.0,1.6,0,inf,0.0,6.0,inf,6.5,0.0
526,Scott Simonson,NYG,TE,2.0,2.0,0.0,0.0,0.0,11.0,0.0,3.1,1,2.0,0.0,11.0,3.1,12.0,5.5
528,Tyrone Swoopes,SEA,TE,1.0,1.0,0.0,0.0,0.0,5.0,0.0,1.5,2,0.5,0.0,5.0,0.75,5.5,10.0
530,Jordan Thomas,HOU,TE,3.0,1.0,0.0,0.0,0.0,8.0,0.0,1.8,2,1.5,0.0,8.0,0.9,8.5,5.333333333333333
532,Levine Toilolo,SFO,TE,2.0,2.0,0.0,0.0,0.0,10.0,0.0,3.0,0,inf,0.0,10.0,inf,11.0,0.0
548,Darrell Daniels,ARI,TE,3.0,1.0,0.0,0.0,0.0,4.0,0.0,1.4,0,inf,0.0,4.0,inf,4.5,0.0
561,Zach Gentry,PIT,TE,1.0,1.0,0.0,0.0,0.0,4.0,0.0,1.4,0,inf,0.0,4.0,inf,4.5,0.0
566,Xavier Grimble,PIT,TE,3.0,1.0,0.0,0.0,0.0,3.0,0.0,1.3,1,3.0,0.0,3.0,1.3,3.5,1.0
602,Eric Tomlinson,3TM,TE,1.0,1.0,0.0,0.0,0.0,1.0,0.0,1.1,3,0.3333333333333333,0.0,1.0,0.3666666666666667,1.5,3.0
623,Travis Kelce,KAN,TE,145.0,105.0,0.0,0.0,0.0,1416.0,11.0,208.0,15,9.666666666666666,11.0,1416.0,13.866666666666667,1479.5,147.6206896551724
633,Darren Waller,LVR,TE,145.0,107.0,0.0,0.0,0.0,1196.0,9.0,172.0,15,9.666666666666666,9.0,1196.0,11.466666666666667,1258.5,124.65517241379311
658,Robert Tonyan,GNB,TE,59.0,52.0,0.0,0.0,0.0,586.0,11.0,125.0,8,7.375,11.0,586.0,15.625,623.0,80.94915254237289
666,Mark Andrews,BAL,TE,88.0,58.0,0.0,0.0,0.0,701.0,7.0,112.0,2,44.0,7.0,701.0,56.0,737.0,16.09090909090909
672,T.J. Hockenson,DET,TE,101.0,67.0,1.0,0.0,0.0,723.0,6.0,108.0,16,6.375,6.0,723.0,6.75,762.5,114.3529411764706
676,Mike Gesicki,MIA,TE,85.0,53.0,0.0,0.0,0.0,703.0,6.0,106.0,9,9.444444444444445,6.0,703.0,11.777777777777779,735.5,75.07058823529411
677,Logan Thomas,WAS,TE,110.0,72.0,3.0,5.0,0.0,670.0,6.0,105.0,15,7.533333333333333,6.0,675.0,7.0,717.0,90.39823008849558
678,Rob Gronkowski,TAM,TE,77.0,45.0,0.0,0.0,0.0,623.0,7.0,104.0,16,4.8125,7.0,623.0,6.5,652.5,130.9090909090909
686,Jonnu Smith,TEN,TE,65.0,41.0,2.0,4.0,1.0,448.0,8.0,99.0,14,4.785714285714286,9.0,452.0,7.071428571428571,481.5,96.32835820895522
690,Jimmy Graham,CHI,TE,76.0,50.0,0.0,0.0,0.0,456.0,8.0,94.0,15,5.066666666666666,8.0,456.0,6.266666666666667,489.0,91.57894736842105
692,Hayden Hurst,ATL,TE,88.0,56.0,0.0,0.0,0.0,571.0,6.0,93.0,9,9.777777777777779,6.0,571.0,10.333333333333334,605.0,59.01136363636363
767,Jared Cook,NOR,TE,60.0,37.0,0.0,0.0,0.0,504.0,7.0,90.0,5,12.0,7.0,504.0,18.0,529.5,42.583333333333336
769,Noah Fant,DEN,TE,93.0,62.0,0.0,0.0,0.0,673.0,3.0,87.0,14,6.642857142857143,3.0,673.0,6.214285714285714,707.0,101.76344086021504
772,Eric Ebron,PIT,TE,91.0,56.0,0.0,0.0,0.0,558.0,5.0,86.0,9,10.11111111111111,5.0,558.0,9.555555555555555,591.0,55.681318681318686
774,Hunter Henry,LAC,TE,93.0,60.0,0.0,0.0,0.0,613.0,4.0,85.0,14,6.642857142857143,4.0,613.0,6.071428571428571,647.0,92.88172043010752
776,Tyler Higbee,LAR,TE,60.0,44.0,1.0,1.0,0.0,521.0,5.0,84.0,15,4.066666666666666,5.0,522.0,5.6,549.0,129.59016393442624
781,Dalton Schultz,DAL,TE,89.0,63.0,0.0,0.0,0.0,615.0,4.0,84.0,14,6.357142857142857,4.0,615.0,6.0,650.5,97.37078651685394
786,Evan Engram,NYG,TE,109.0,63.0,6.0,26.0,1.0,654.0,1.0,78.0,14,8.214285714285714,2.0,680.0,5.571428571428571,713.5,83.02608695652175
788,George Kittle,SFO,TE,63.0,48.0,2.0,17.0,0.0,634.0,2.0,77.0,8,8.125,2.0,651.0,9.625,677.0,80.36923076923077
796,Dallas Goedert,PHI,TE,65.0,46.0,0.0,0.0,0.0,524.0,3.0,70.0,9,7.222222222222222,3.0,524.0,7.777777777777778,550.0,72.96923076923076
804,Irv Smith Jr.,MIN,TE,43.0,30.0,0.0,0.0,0.0,365.0,5.0,69.0,7,6.142857142857143,5.0,365.0,9.857142857142858,385.0,60.23255813953488
809,Austin Hooper,CLE,TE,70.0,46.0,0.0,0.0,0.0,435.0,4.0,68.0,13,5.384615384615385,4.0,435.0,5.230769230769231,462.0,81.52857142857142
812,Dan Arnold,ARI,TE,45.0,31.0,0.0,0.0,0.0,438.0,4.0,66.0,5,9.0,4.0,438.0,13.2,457.5,49.111111111111114
840,Trey Burton,IND,TE,47.0,28.0,2.0,3.0,2.0,250.0,3.0,55.0,4,12.25,5.0,253.0,13.75,272.0,21.06122448979592
841,Darren Fells,HOU,TE,28.0,21.0,0.0,0.0,0.0,312.0,4.0,55.0,14,2.0,4.0,312.0,3.9285714285714284,326.5,158.0
848,Gerald Everett,LAR,TE,62.0,41.0,1.0,2.0,1.0,417.0,1.0,52.0,7,9.0,2.0,419.0,7.428571428571429,441.5,46.77777777777778
855,Mo Alie-Cox,IND,TE,39.0,31.0,0.0,0.0,0.0,394.0,2.0,49.0,6,6.5,2.0,394.0,8.166666666666666,411.5,60.92307692307692
859,Jordan Akins,HOU,TE,49.0,37.0,1.0,4.0,0.0,403.0,1.0,47.0,5,10.0,1.0,407.0,9.4,426.5,40.8
861,Tyler Eifert,JAX,TE,60.0,36.0,0.0,0.0,0.0,349.0,2.0,47.0,4,15.0,2.0,349.0,11.75,369.0,23.4
865,Jordan Reed,SFO,TE,46.0,26.0,0.0,0.0,0.0,231.0,4.0,47.0,1,46.0,4.0,231.0,47.0,248.0,5.108695652173913
866,Richard Rodgers,PHI,TE,31.0,24.0,0.0,0.0,0.0,345.0,2.0,47.0,4,7.75,2.0,345.0,11.75,359.0,44.774193548387096
870,Anthony Firkser,TEN,TE,53.0,39.0,0.0,0.0,0.0,387.0,1.0,45.0,1,53.0,1.0,387.0,45.0,407.5,7.320754716981132
873,Chris Herndon,NYJ,TE,45.0,31.0,0.0,0.0,0.0,287.0,3.0,43.0,13,3.4615384615384617,3.0,287.0,3.3076923076923075,305.5,83.77777777777777
874,Dawson Knox,BUF,TE,44.0,24.0,0.0,0.0,0.0,288.0,3.0,43.0,7,6.285714285714286,3.0,288.0,6.142857142857143,303.0,46.29545454545455
875,Zach Ertz,PHI,TE,72.0,36.0,0.0,0.0,0.0,335.0,1.0,42.0,11,6.545454545454546,1.0,335.0,3.8181818181818183,354.0,51.33333333333333
878,Jack Doyle,IND,TE,33.0,23.0,0.0,0.0,0.0,251.0,3.0,41.0,12,2.75,3.0,251.0,3.4166666666666665,265.5,92.36363636363636
880,Jacob Hollister,SEA,TE,40.0,25.0,0.0,0.0,0.0,209.0,3.0,41.0,5,8.0,3.0,209.0,8.2,224.5,26.5
883,Cameron Brate,TAM,TE,34.0,28.0,0.0,0.0,0.0,282.0,2.0,40.0,1,34.0,2.0,282.0,40.0,298.0,8.352941176470589
887,Drew Sample,CIN,TE,53.0,40.0,0.0,0.0,0.0,349.0,1.0,39.0,13,4.076923076923077,1.0,349.0,3.0,370.0,85.84905660377359
888,Harrison Bryant,CLE,TE,38.0,24.0,0.0,0.0,0.0,238.0,3.0,38.0,9,4.222222222222222,3.0,238.0,4.222222222222222,253.0,57.07894736842105
893,Will Dissly,SEA,TE,29.0,24.0,0.0,0.0,0.0,251.0,2.0,37.0,12,2.4166666666666665,2.0,251.0,3.0833333333333335,265.0,104.6896551724138
894,Kyle Rudolph,MIN,TE,37.0,28.0,0.0,0.0,0.0,334.0,1.0,37.0,12,3.0833333333333335,1.0,334.0,3.0833333333333335,349.0,108.64864864864865
900,Cole Kmet,CHI,TE,44.0,28.0,1.0,-3.0,0.0,243.0,2.0,34.0,9,5.0,2.0,240.0,3.7777777777777777,256.0,48.4
901,Donald Parham,LAC,TE,20.0,10.0,0.0,0.0,0.0,159.0,3.0,34.0,5,4.0,3.0,159.0,6.8,167.0,40.5
904,David Njoku,CLE,TE,29.0,19.0,0.0,0.0,0.0,213.0,2.0,33.0,5,5.8,2.0,213.0,6.6,224.5,37.06896551724138
905,Adam Shaheen,MIA,TE,22.0,12.0,0.0,0.0,0.0,150.0,3.0,33.0,5,4.4,3.0,150.0,6.6,159.0,34.77272727272727
906,Durham Smythe,MIA,TE,29.0,26.0,0.0,0.0,0.0,208.0,2.0,33.0,13,2.230769230769231,2.0,208.0,2.5384615384615383,223.0,94.13793103448276
911,Ross Dwelley,SFO,TE,24.0,19.0,0.0,0.0,0.0,245.0,1.0,31.0,9,2.6666666666666665,1.0,245.0,3.4444444444444446,255.5,92.25
917,Tyler Kroft,BUF,TE,16.0,12.0,0.0,0.0,0.0,119.0,3.0,30.0,4,4.0,3.0,119.0,7.5,128.0,30.5
918,Greg Olsen,SEA,TE,37.0,24.0,0.0,0.0,0.0,239.0,1.0,30.0,8,4.625,1.0,239.0,3.75,252.0,51.891891891891895
922,Marcedes Lewis,GNB,TE,17.0,10.0,0.0,0.0,0.0,107.0,3.0,29.0,15,1.1333333333333333,3.0,107.0,1.9333333333333333,115.0,97.05882352941177
923,Pharaoh Brown,HOU,TE,16.0,14.0,0.0,0.0,0.0,163.0,2.0,28.0,9,1.7777777777777777,2.0,163.0,3.111111111111111,172.0,92.8125
932,O.J. Howard,TAM,TE,19.0,11.0,0.0,0.0,0.0,146.0,2.0,27.0,1,19.0,2.0,146.0,27.0,153.5,7.7894736842105265
937,Foster Moreau,LVR,TE,9.0,7.0,0.0,0.0,0.0,140.0,2.0,26.0,2,4.5,2.0,140.0,13.0,145.5,31.555555555555557
938,James O'Shaughnessy,JAX,TE,38.0,28.0,0.0,0.0,0.0,262.0,0.0,26.0,13,2.923076923076923,0.0,262.0,2.0,276.0,89.63157894736842
940,Tyler Conklin,MIN,TE,26.0,19.0,0.0,0.0,0.0,194.0,1.0,25.0,2,13.0,1.0,194.0,12.5,204.5,15.0
943,Jesse James,DET,TE,22.0,14.0,0.0,0.0,0.0,129.0,2.0,25.0,7,3.142857142857143,2.0,129.0,3.5714285714285716,138.0,41.68181818181818
947,Nick Boyle,BAL,TE,17.0,14.0,0.0,0.0,0.0,113.0,2.0,23.0,9,1.8888888888888888,2.0,113.0,2.5555555555555554,122.0,60.88235294117647
949,MyCole Pruitt,TEN,TE,8.0,5.0,0.0,0.0,0.0,49.0,2.0,23.0,4,2.0,2.0,49.0,5.75,53.5,25.5
951,Adam Trautman,NOR,TE,16.0,15.0,0.0,0.0,0.0,171.0,1.0,23.0,6,2.6666666666666665,1.0,171.0,3.8333333333333335,179.5,64.5
958,Ian Thomas,CAR,TE,31.0,20.0,0.0,0.0,0.0,145.0,1.0,21.0,8,3.875,1.0,145.0,2.625,156.0,37.67741935483871
965,Jason Witten,LVR,TE,17.0,13.0,0.0,0.0,0.0,69.0,2.0,19.0,7,2.4285714285714284,2.0,69.0,2.7142857142857144,77.5,29.23529411764706
970,Ryan Izzo,NWE,TE,20.0,13.0,0.0,0.0,0.0,199.0,0.0,18.0,12,1.6666666666666667,0.0,199.0,1.5,205.5,119.39999999999999
974,Albert Okwuegbunam,DEN,TE,15.0,11.0,0.0,0.0,0.0,121.0,1.0,18.0,0,inf,1.0,121.0,inf,127.5,0.0
986,Jace Sternberger,GNB,TE,15.0,12.0,0.0,0.0,0.0,114.0,1.0,17.0,0,inf,1.0,114.0,inf,121.0,0.0
997,Nick Vannett,DEN,TE,21.0,14.0,0.0,0.0,0.0,95.0,1.0,16.0,11,1.9090909090909092,1.0,95.0,1.4545454545454546,103.0,50.285714285714285
998,Maxx Williams,ARI,TE,10.0,8.0,0.0,0.0,0.0,102.0,1.0,16.0,8,1.25,1.0,102.0,2.0,107.0,82.4
1000,Darrell Daniels,ARI,TE,11.0,8.0,0.0,0.0,0.0,92.0,1.0,15.0,8,1.375,1.0,92.0,1.875,97.0,67.63636363636364
1006,C.J. Uzomah,CIN,TE,11.0,8.0,0.0,0.0,0.0,87.0,1.0,15.0,2,5.5,1.0,87.0,7.5,92.0,16.0
1010,Troy Fumagalli,DEN,TE,15.0,8.0,0.0,0.0,0.0,80.0,1.0,14.0,0,inf,1.0,80.0,inf,85.0,0.0
1029,Stephen Anderson,LAC,TE,11.0,8.0,0.0,0.0,0.0,106.0,0.0,11.0,3,3.6666666666666665,0.0,106.0,3.6666666666666665,110.0,28.90909090909091
1030,Blake Bell,DAL,TE,15.0,11.0,1.0,2.0,0.0,110.0,0.0,11.0,2,8.0,0.0,112.0,5.5,117.5,14.0
1032,Virgil Green,LAC,TE,6.0,3.0,0.0,0.0,0.0,50.0,1.0,11.0,3,2.0,1.0,50.0,3.6666666666666665,52.5,25.5
1033,Josh Hill,NOR,TE,10.0,8.0,0.0,0.0,0.0,46.0,1.0,11.0,7,1.4285714285714286,1.0,46.0,1.5714285714285714,51.0,32.9
1036,Kaden Smith,NYG,TE,21.0,18.0,0.0,0.0,0.0,112.0,0.0,11.0,12,1.75,0.0,112.0,0.9166666666666666,121.0,64.0
1040,Devin Asiasi,NWE,TE,7.0,2.0,0.0,0.0,0.0,39.0,1.0,10.0,3,2.3333333333333335,1.0,39.0,3.3333333333333335,41.0,17.142857142857142
1043,Vance McDonald,PIT,TE,20.0,15.0,0.0,0.0,0.0,99.0,0.0,10.0,12,1.6666666666666667,0.0,99.0,0.8333333333333334,106.5,59.4
1050,Dominique Dafney,GNB,TE,2.0,2.0,0.0,0.0,0.0,26.0,1.0,9.0,2,1.0,1.0,26.0,4.5,28.0,27.0
1051,Ryan Griffin,NYJ,TE,12.0,9.0,0.0,0.0,0.0,86.0,0.0,9.0,6,2.0,0.0,86.0,1.5,90.5,43.0
1060,Reggie Gilliam,BUF,TE,2.0,2.0,0.0,0.0,0.0,16.0,1.0,8.0,0,inf,1.0,16.0,inf,18.0,0.0
1073,Colin Thompson,CAR,TE,2.0,1.0,0.0,0.0,0.0,7.0,1.0,7.0,4,0.5,1.0,7.0,1.75,8.5,16.0
1077,Jason Croom,PHI,TE,1.0,1.0,0.0,0.0,0.0,3.0,1.0,6.0,0,inf,1.0,3.0,inf,4.5,0.0
1084,Luke Stocker,ATL,TE,11.0,7.0,0.0,0.0,0.0,63.0,0.0,6.0,13,0.8461538461538461,0.0,63.0,0.46153846153846156,66.5,74.45454545454545
1085,Jordan Thomas,2TM,TE,2.0,1.0,0.0,0.0,0.0,3.0,1.0,6.0,0,inf,1.0,3.0,inf,4.5,0.0
1088,Cethan Carter,CIN,TE,7.0,5.0,0.0,0.0,0.0,53.0,0.0,5.0,5,1.4,0.0,53.0,1.0,55.5,37.85714285714286
1089,Demetrius Harris,CHI,TE,14.0,7.0,0.0,0.0,0.0,45.0,0.0,5.0,5,2.8,0.0,45.0,1.0,48.5,16.071428571428573
1092,Chris Manhertz,CAR,TE,8.0,6.0,0.0,0.0,0.0,52.0,0.0,5.0,12,0.6666666666666666,0.0,52.0,0.4166666666666667,55.0,78.0
1093,Johnny Mundt,LAR,TE,4.0,4.0,0.0,0.0,0.0,53.0,0.0,5.0,1,4.0,0.0,53.0,5.0,55.0,13.25
1095,Levine Toilolo,NYG,TE,6.0,5.0,0.0,0.0,0.0,46.0,0.0,5.0,2,3.0,0.0,46.0,2.5,48.5,15.333333333333334
1099,Hunter Bryant,DET,TE,3.0,1.0,0.0,0.0,0.0,44.0,0.0,4.0,0,inf,0.0,44.0,inf,44.5,0.0
1105,Tanner Hudson,TAM,TE,7.0,3.0,0.0,0.0,0.0,41.0,0.0,4.0,0,inf,0.0,41.0,inf,42.5,0.0
1107,Nick Keizer,KAN,TE,9.0,6.0,0.0,0.0,0.0,63.0,0.0,4.0,3,3.0,0.0,63.0,1.3333333333333333,66.0,21.0
1111,Kahale Warring,HOU,TE,7.0,3.0,0.0,0.0,0.0,35.0,0.0,4.0,0,inf,0.0,35.0,inf,36.5,0.0
1112,Charlie Woerner,SFO,TE,4.0,3.0,0.0,0.0,0.0,36.0,0.0,4.0,0,inf,0.0,36.0,inf,37.5,0.0
1113,Deon Yelder,KAN,TE,11.0,7.0,0.0,0.0,0.0,36.0,0.0,4.0,1,11.0,0.0,36.0,4.0,39.5,3.272727272727273
1116,Stephen Carlson,CLE,TE,2.0,1.0,0.0,0.0,0.0,11.0,0.0,3.0,2,1.0,0.0,11.0,1.5,11.5,11.0
1117,Ben Ellefson,JAX,TE,4.0,1.0,0.0,0.0,0.0,10.0,0.0,3.0,4,1.0,0.0,10.0,0.75,10.5,10.0
1119,Jaeden Graham,ATL,TE,5.0,3.0,0.0,0.0,0.0,25.0,0.0,3.0,0,inf,0.0,25.0,inf,26.5,0.0
1140,Dalton Keene,NWE,TE,5.0,3.0,0.0,0.0,0.0,16.0,0.0,2.0,0,inf,0.0,16.0,inf,17.5,0.0
1143,Colby Parkinson,SEA,TE,2.0,2.0,0.0,0.0,0.0,16.0,0.0,2.0,0,inf,0.0,16.0,inf,17.0,0.0
1147,Eric Saubert,JAX,TE,4.0,3.0,0.0,0.0,0.0,16.0,0.0,2.0,4,1.0,0.0,16.0,0.5,17.5,16.0
1154,Jake Butt,DEN,TE,4.0,2.0,0.0,0.0,0.0,5.0,0.0,1.0,1,4.0,0.0,5.0,1.0,6.0,1.25
1155,Derek Carrier,LVR,TE,1.0,1.0,0.0,0.0,0.0,14.0,0.0,1.0,0,inf,0.0,14.0,inf,14.5,0.0
1157,Josiah Deguara,GNB,TE,2.0,1.0,0.0,0.0,0.0,12.0,0.0,1.0,1,2.0,0.0,12.0,1.0,12.5,6.0
1159,Brandon Dillon,MIN,TE,1.0,1.0,0.0,0.0,0.0,6.0,0.0,1.0,0,inf,0.0,6.0,inf,6.5,0.0
1163,Temarrick Hemingway,WAS,TE,2.0,1.0,0.0,0.0,0.0,10.0,0.0,1.0,0,inf,0.0,10.0,inf,10.5,0.0
1166,Blake Jarwin,DAL,TE,1.0,1.0,0.0,0.0,0.0,12.0,0.0,1.0,1,1.0,0.0,12.0,1.0,12.5,12.0
1170,John Lovett,GNB,TE,0.0,0.0,3.0,6.0,0.0,0.0,0.0,1.0,0,inf,0.0,6.0,inf,6.0,0.0
1178,Jeremy Sprinkle,WAS,TE,3.0,1.0,0.0,0.0,0.0,6.0,0.0,1.0,6,0.5,0.0,6.0,0.16666666666666666,6.5,12.0
1179,Trevon Wesco,NYJ,TE,2.0,1.0,1.0,0.0,0.0,5.0,0.0,1.0,4,0.75,0.0,5.0,0.25,5.5,6.666666666666667
1182,Luke Willson,2TM,TE,3.0,1.0,0.0,0.0,0.0,12.0,0.0,1.0,0,inf,0.0,12.0,inf,12.5,0.0
1188,Marcus Baugh,WAS,TE,1.0,1.0,0.0,0.0,0.0,2.0,0.0,,1,1.0,0.0,2.0,,2.5,2.0
1217,Isaac Nauta,DET,TE,2.0,1.0,0.0,0.0,0.0,3.0,0.0,,0,inf,0.0,3.0,,3.5,0.0
1253,Mark Andrews,BAL,TE,153.0,107.0,1.0,0.0,0.0,1361.0,9.0,194.0,9,17.11111111111111,9.0,1361.0,21.555555555555557,1423.5,80.06493506493507
1260,Travis Kelce,KAN,TE,134.0,92.0,2.0,3.0,1.0,1125.0,9.0,171.0,16,8.5,10.0,1128.0,10.6875,1184.0,133.88235294117646
1280,Dalton Schultz,DAL,TE,104.0,78.0,0.0,0.0,0.0,808.0,8.0,131.0,15,6.933333333333334,8.0,808.0,8.733333333333333,855.0,117.6923076923077
1282,George Kittle,SFO,TE,94.0,71.0,3.0,20.0,0.0,910.0,6.0,127.0,14,6.928571428571429,6.0,930.0,9.071428571428571,971.5,135.09278350515464
1293,Rob Gronkowski,TAM,TE,89.0,55.0,0.0,0.0,0.0,802.0,6.0,116.0,12,7.416666666666667,6.0,802.0,9.666666666666666,835.5,108.94382022471909
1295,Dawson Knox,BUF,TE,71.0,49.0,0.0,4.0,0.0,587.0,9.0,115.0,14,5.071428571428571,9.0,591.0,8.214285714285714,624.5,118.30985915492958
1298,Hunter Henry,NWE,TE,75.0,50.0,0.0,0.0,0.0,603.0,9.0,114.0,10,7.5,9.0,603.0,11.4,637.0,81.6
1302,Dallas Goedert,PHI,TE,76.0,56.0,0.0,0.0,0.0,830.0,4.0,109.0,14,5.428571428571429,4.0,830.0,7.785714285714286,862.0,153.6315789473684
1304,Kyle Pitts*,ATL,TE,110.0,68.0,0.0,0.0,0.0,1026.0,1.0,109.0,15,7.333333333333333,1.0,1026.0,7.266666666666667,1061.0,140.04545454545456
1307,Zach Ertz,2TM,TE,112.0,74.0,1.0,4.0,0.0,763.0,5.0,107.0,14,8.071428571428571,5.0,767.0,7.642857142857143,809.0,95.64601769911505
1319,Mike Gesicki,MIA,TE,112.0,73.0,0.0,0.0,0.0,780.0,2.0,92.0,9,12.444444444444445,2.0,780.0,10.222222222222221,818.5,62.839285714285715
1380,Pat Freiermuth,PIT,TE,79.0,60.0,0.0,0.0,0.0,497.0,7.0,92.0,9,8.777777777777779,7.0,497.0,10.222222222222221,534.0,57.417721518987335
1384,Noah Fant,DEN,TE,90.0,68.0,0.0,0.0,0.0,670.0,4.0,91.0,16,5.625,4.0,670.0,5.6875,708.0,119.82222222222222
1392,Tyler Higbee,LAR,TE,85.0,61.0,0.0,0.0,0.0,560.0,5.0,86.0,15,5.666666666666667,5.0,560.0,5.733333333333333,595.5,99.70588235294117
1400,Jared Cook,LAC,TE,83.0,48.0,0.0,0.0,0.0,564.0,4.0,84.0,10,8.3,4.0,564.0,8.4,592.0,68.43373493975903
1402,T.J. Hockenson,DET,TE,84.0,61.0,0.0,0.0,0.0,583.0,4.0,84.0,12,7.0,4.0,583.0,7.0,617.5,83.85714285714286
1414,C.J. Uzomah,CIN,TE,63.0,49.0,0.0,0.0,0.0,493.0,5.0,79.0,16,3.9375,5.0,493.0,4.9375,522.5,126.47619047619048
1415,Darren Waller,LVR,TE,93.0,55.0,0.0,0.0,0.0,665.0,2.0,79.0,11,8.454545454545455,2.0,665.0,7.181818181818182,694.5,78.89247311827957
1417,Tyler Conklin,MIN,TE,87.0,61.0,0.0,0.0,0.0,593.0,3.0,77.0,15,5.8,3.0,593.0,5.133333333333334,626.5,102.75862068965517
1426,David Njoku,CLE,TE,53.0,36.0,1.0,1.0,0.0,475.0,4.0,72.0,11,4.909090909090909,4.0,476.0,6.545454545454546,498.0,97.77777777777777
1428,Gerald Everett,SEA,TE,63.0,48.0,3.0,20.0,0.0,478.0,4.0,70.0,12,5.5,4.0,498.0,5.833333333333333,526.0,91.27272727272727
1442,Cole Kmet,CHI,TE,93.0,60.0,1.0,0.0,0.0,612.0,0.0,61.0,17,5.529411764705882,0.0,612.0,3.588235294117647,642.0,110.68085106382979
1452,Evan Engram,NYG,TE,73.0,46.0,1.0,-3.0,0.0,408.0,3.0,57.0,12,6.166666666666667,3.0,405.0,4.75,431.0,66.16216216216216
1455,Mo Alie-Cox,IND,TE,45.0,24.0,0.0,0.0,0.0,316.0,4.0,56.0,7,6.428571428571429,4.0,316.0,8.0,332.0,49.77777777777778
1459,Austin Hooper,CLE,TE,61.0,38.0,0.0,0.0,0.0,345.0,3.0,55.0,16,3.8125,3.0,345.0,3.4375,367.0,91.27868852459017
1462,Foster Moreau,LVR,TE,44.0,30.0,0.0,0.0,0.0,373.0,3.0,55.0,11,4.0,3.0,373.0,5.0,391.0,94.0
1473,Jack Doyle,IND,TE,43.0,29.0,0.0,0.0,0.0,302.0,3.0,50.0,14,3.0714285714285716,3.0,302.0,3.5714285714285716,319.5,99.30232558139534
1475,Cameron Brate,TAM,TE,57.0,30.0,0.0,0.0,0.0,245.0,4.0,49.0,3,19.0,4.0,245.0,16.333333333333332,264.0,13.105263157894736
1488,Anthony Firkser,TEN,TE,43.0,34.0,0.0,0.0,0.0,291.0,2.0,45.0,1,43.0,2.0,291.0,45.0,310.0,6.813953488372093
1496,Albert Okwuegbunam,DEN,TE,40.0,33.0,0.0,0.0,0.0,330.0,2.0,43.0,6,6.666666666666667,2.0,330.0,7.166666666666667,348.5,49.8
1503,Dan Arnold,2TM,TE,52.0,35.0,0.0,0.0,0.0,408.0,0.0,41.0,4,13.0,0.0,408.0,10.25,425.5,31.384615384615383
1504,Harrison Bryant,CLE,TE,28.0,21.0,0.0,0.0,0.0,233.0,3.0,41.0,3,9.333333333333334,3.0,233.0,13.666666666666666,246.5,25.285714285714285
1509,Juwan Johnson,NOR,TE,22.0,13.0,0.0,0.0,0.0,159.0,4.0,40.0,2,11.0,4.0,159.0,20.0,169.5,14.818181818181818
1514,Donald Parham,LAC,TE,27.0,20.0,0.0,0.0,0.0,190.0,3.0,39.0,9,3.0,3.0,190.0,4.333333333333333,203.0,64.33333333333333
1515,Ricky Seals-Jones,WAS,TE,49.0,30.0,0.0,0.0,0.0,271.0,2.0,39.0,6,8.166666666666666,2.0,271.0,6.5,288.0,33.42857142857143
1516,Jonnu Smith,NWE,TE,45.0,28.0,9.0,40.0,0.0,294.0,1.0,39.0,11,4.909090909090909,1.0,334.0,3.5454545454545454,349.0,68.24074074074073
1517,Geoff Swaim,TEN,TE,40.0,31.0,0.0,0.0,0.0,210.0,3.0,39.0,16,2.5,3.0,210.0,2.4375,228.5,85.2
1519,Ryan Griffin,NYJ,TE,42.0,27.0,0.0,0.0,0.0,261.0,2.0,38.0,12,3.5,2.0,261.0,3.1666666666666665,276.5,75.14285714285714
1521,Hayden Hurst,ATL,TE,31.0,26.0,0.0,0.0,0.0,221.0,3.0,38.0,5,6.2,3.0,221.0,7.6,237.0,36.12903225806451
1522,Josiah Deguara,GNB,TE,33.0,25.0,0.0,0.0,0.0,245.0,2.0,37.0,2,16.5,2.0,245.0,18.5,259.5,14.969696969696969
1524,Jimmy Graham,CHI,TE,23.0,14.0,0.0,0.0,0.0,167.0,3.0,37.0,6,3.8333333333333335,3.0,167.0,6.166666666666667,177.0,44.34782608695652
1530,Brevin Jordan,HOU,TE,28.0,20.0,0.0,0.0,0.0,178.0,3.0,36.0,2,14.0,3.0,178.0,18.0,191.0,12.928571428571429
1531,Durham Smythe,MIA,TE,41.0,34.0,2.0,3.0,0.0,357.0,0.0,36.0,12,3.5833333333333335,0.0,360.0,3.0,377.0,100.46511627906976
1532,Logan Thomas,WAS,TE,25.0,18.0,0.0,0.0,0.0,196.0,3.0,36.0,6,4.166666666666667,3.0,196.0,6.0,208.0,47.76
1533,Adam Trautman,NOR,TE,43.0,27.0,0.0,0.0,0.0,263.0,2.0,36.0,10,4.3,2.0,263.0,3.6,278.5,61.627906976744185
1537,MyCole Pruitt,TEN,TE,18.0,14.0,0.0,0.0,0.0,145.0,3.0,35.0,9,2.0,3.0,145.0,3.888888888888889,155.0,74.0
1543,Kyle Rudolph,NYG,TE,39.0,26.0,0.0,0.0,0.0,257.0,1.0,34.0,13,3.0,1.0,257.0,2.6153846153846154,271.0,86.0
1548,Tommy Tremble,CAR,TE,35.0,20.0,3.0,11.0,1.0,180.0,1.0,33.0,11,3.4545454545454546,2.0,191.0,3.0,203.0,55.868421052631575
1552,Robert Tonyan,GNB,TE,29.0,18.0,0.0,0.0,0.0,204.0,2.0,32.0,5,5.8,2.0,204.0,6.4,215.0,35.51724137931035
1553,John Bates,WAS,TE,25.0,20.0,0.0,0.0,0.0,249.0,1.0,31.0,8,3.125,1.0,249.0,3.875,260.0,80.0
1557,Will Dissly,SEA,TE,26.0,21.0,0.0,0.0,0.0,231.0,1.0,29.0,14,1.8571428571428572,1.0,231.0,2.0714285714285716,242.5,124.92307692307692
1569,James O'Shaughnessy,JAX,TE,34.0,24.0,0.0,0.0,0.0,244.0,0.0,26.0,6,5.666666666666667,0.0,244.0,4.333333333333333,256.0,43.05882352941176
1572,Maxx Williams,ARI,TE,17.0,16.0,0.0,0.0,0.0,193.0,1.0,25.0,5,3.4,1.0,193.0,5.0,202.0,57.05882352941177
1578,Brock Wright,DET,TE,17.0,12.0,0.0,0.0,0.0,117.0,2.0,24.0,5,3.4,2.0,117.0,4.8,125.0,35.0
1579,Stephen Anderson,LAC,TE,19.0,16.0,0.0,0.0,0.0,165.0,1.0,23.0,4,4.75,1.0,165.0,5.75,174.0,34.94736842105263
1581,Tyler Kroft,NYJ,TE,25.0,16.0,0.0,0.0,0.0,173.0,1.0,23.0,6,4.166666666666667,1.0,173.0,3.8333333333333335,182.0,41.76
1589,Blake Jarwin,DAL,TE,17.0,11.0,0.0,0.0,0.0,96.0,2.0,22.0,5,3.4,2.0,96.0,4.4,103.5,28.823529411764707
1592,Eric Ebron,PIT,TE,18.0,12.0,1.0,1.0,1.0,84.0,1.0,21.0,3,6.333333333333333,2.0,85.0,7.0,93.0,13.73684210526316
1593,Marcedes Lewis,GNB,TE,28.0,23.0,0.0,0.0,0.0,214.0,0.0,21.0,17,1.6470588235294117,0.0,214.0,1.2352941176470589,225.5,129.92857142857144
1596,O.J. Howard,TAM,TE,21.0,14.0,0.0,0.0,0.0,135.0,1.0,20.0,9,2.3333333333333335,1.0,135.0,2.2222222222222223,143.0,58.285714285714285
1601,Ian Thomas,CAR,TE,30.0,18.0,0.0,0.0,0.0,188.0,0.0,19.0,13,2.3076923076923075,0.0,188.0,1.4615384615384615,197.0,81.46666666666667
1602,Nick Vannett,NOR,TE,15.0,9.0,0.0,0.0,0.0,133.0,1.0,19.0,2,7.5,1.0,133.0,9.5,138.5,17.866666666666667
1604,Jordan Akins,HOU,TE,33.0,24.0,1.0,3.0,0.0,214.0,0.0,18.0,3,11.333333333333334,0.0,217.0,6.0,229.0,19.14705882352941
1611,Joe Fortson,KAN,TE,5.0,5.0,0.0,0.0,0.0,47.0,2.0,17.0,0,inf,2.0,47.0,inf,51.5,0.0
1612,Zach Gentry,PIT,TE,25.0,19.0,0.0,0.0,0.0,167.0,0.0,17.0,12,2.0833333333333335,0.0,167.0,1.4166666666666667,176.5,80.16
1623,Pharaoh Brown,HOU,TE,34.0,23.0,0.0,0.0,0.0,171.0,0.0,15.0,12,2.8333333333333335,0.0,171.0,1.25,182.5,60.35294117647059
1632,Jesper Horsted,CHI,TE,3.0,2.0,0.0,0.0,0.0,21.0,2.0,14.0,0,inf,2.0,21.0,inf,24.0,0.0
1637,Chris Manhertz,JAX,TE,9.0,6.0,0.0,0.0,0.0,71.0,1.0,13.0,10,0.9,1.0,71.0,1.3,75.0,80.0
1642,Lee Smith,ATL,TE,11.0,9.0,0.0,0.0,0.0,65.0,1.0,13.0,6,1.8333333333333333,1.0,65.0,2.1666666666666665,70.5,36.0
1645,Jacob Hollister,JAX,TE,14.0,9.0,0.0,0.0,0.0,55.0,1.0,12.0,2,7.0,1.0,55.0,6.0,60.5,8.0
1647,Jesse James,CHI,TE,8.0,7.0,0.0,0.0,0.0,62.0,1.0,12.0,9,0.8888888888888888,1.0,62.0,1.3333333333333333,66.5,70.875
1650,Antony Auclair,HOU,TE,5.0,5.0,0.0,0.0,0.0,47.0,1.0,11.0,13,0.38461538461538464,1.0,47.0,0.8461538461538461,50.5,124.8
1652,Ross Dwelley,SFO,TE,5.0,4.0,0.0,0.0,0.0,51.0,1.0,11.0,2,2.5,1.0,51.0,5.5,54.0,20.8
1655,Kylen Granson,IND,TE,15.0,11.0,0.0,0.0,0.0,106.0,0.0,11.0,0,inf,0.0,106.0,inf,111.5,0.0
1659,Eric Saubert,DEN,TE,12.0,8.0,0.0,0.0,0.0,47.0,1.0,11.0,4,3.0,1.0,47.0,2.75,52.0,16.0
1660,Adam Shaheen,MIA,TE,16.0,12.0,0.0,0.0,0.0,110.0,0.0,11.0,7,2.2857142857142856,0.0,110.0,1.5714285714285714,116.0,48.125
1665,Blake Bell,KAN,TE,13.0,9.0,4.0,10.0,0.0,87.0,0.0,10.0,5,3.4,0.0,97.0,2.0,101.5,28.529411764705884
1668,Noah Gray,KAN,TE,10.0,7.0,0.0,0.0,0.0,36.0,1.0,10.0,1,10.0,1.0,36.0,10.0,40.5,3.7
1669,Chris Herndon,MIN,TE,7.0,4.0,0.0,0.0,0.0,40.0,1.0,10.0,5,1.4,1.0,40.0,2.0,43.0,29.28571428571429
1673,Tommy Sweeney,BUF,TE,12.0,9.0,0.0,0.0,0.0,44.0,1.0,10.0,3,4.0,1.0,44.0,3.3333333333333335,49.5,11.25
1680,Sean McKeon,DAL,TE,6.0,4.0,0.0,0.0,0.0,27.0,1.0,9.0,2,3.0,1.0,27.0,4.5,30.0,9.333333333333334
1686,Tyree Jackson,PHI,TE,7.0,3.0,0.0,0.0,0.0,22.0,1.0,8.0,3,2.3333333333333335,1.0,22.0,2.6666666666666665,24.5,9.857142857142856
1687,Chris Myarick,NYG,TE,6.0,3.0,0.0,0.0,0.0,17.0,1.0,8.0,3,2.0,1.0,17.0,2.6666666666666665,19.5,9.0
1689,Drew Sample,CIN,TE,15.0,11.0,0.0,0.0,0.0,81.0,0.0,8.0,8,1.875,0.0,81.0,1.0,86.5,43.2
1693,Josh Oliver,BAL,TE,15.0,9.0,0.0,0.0,0.0,66.0,0.0,7.0,1,15.0,0.0,66.0,7.0,70.5,4.4
1702,Luke Farrell,JAX,TE,11.0,7.0,0.0,0.0,0.0,56.0,0.0,6.0,4,2.75,0.0,56.0,1.5,59.5,20.363636363636363
1713,Tre' McKitty,LAC,TE,8.0,6.0,0.0,0.0,0.0,45.0,0.0,5.0,4,2.0,0.0,45.0,1.25,48.0,22.5
1717,Charlie Woerner,SFO,TE,6.0,5.0,0.0,0.0,0.0,52.0,0.0,5.0,3,2.0,0.0,52.0,1.6666666666666667,54.5,26.0
1720,Kendall Blanton,LAR,TE,7.0,4.0,0.0,0.0,0.0,37.0,0.0,4.0,2,3.5,0.0,37.0,2.0,39.0,10.571428571428571
1722,Tyler Davis,GNB,TE,5.0,4.0,0.0,0.0,0.0,35.0,0.0,4.0,0,inf,0.0,35.0,inf,37.0,0.0
1724,Darren Fells,2TM,TE,5.0,4.0,0.0,0.0,0.0,43.0,0.0,4.0,5,1.0,0.0,43.0,0.8,45.0,43.0
1725,Garrett Griffin,NOR,TE,4.0,4.0,0.0,0.0,0.0,39.0,0.0,4.0,6,0.6666666666666666,0.0,39.0,0.6666666666666666,41.0,58.5
1726,Parker Hesse,ATL,TE,6.0,5.0,0.0,0.0,0.0,43.0,0.0,4.0,1,6.0,0.0,43.0,4.0,45.5,7.166666666666667
1733,Trevon Wesco,NYJ,TE,5.0,3.0,0.0,0.0,0.0,35.0,0.0,4.0,7,0.7142857142857143,0.0,35.0,0.5714285714285714,36.5,49.0
1736,Kenny Yeboah,NYJ,TE,3.0,2.0,0.0,0.0,0.0,36.0,0.0,4.0,0,inf,0.0,36.0,inf,37.0,0.0
1739,Dominique Dafney,GNB,TE,4.0,2.0,0.0,0.0,0.0,34.0,0.0,3.0,2,2.0,0.0,34.0,1.5,35.0,17.0
1745,Tommy Hudson,TEN,TE,6.0,3.0,0.0,0.0,0.0,31.0,0.0,3.0,0,inf,0.0,31.0,inf,32.5,0.0
1749,Colby Parkinson,SEA,TE,8.0,5.0,0.0,0.0,0.0,33.0,0.0,3.0,1,8.0,0.0,33.0,3.0,35.5,4.125
1751,Kaden Smith,NYG,TE,3.0,3.0,0.0,0.0,0.0,33.0,0.0,3.0,4,0.75,0.0,33.0,0.75,34.5,44.0
1752,Jeremy Sprinkle,DAL,TE,3.0,3.0,0.0,0.0,0.0,31.0,0.0,3.0,4,0.75,0.0,31.0,0.75,32.5,41.333333333333336
1757,Shane Zylstra,DET,TE,7.0,3.0,0.0,0.0,0.0,34.0,0.0,3.0,0,inf,0.0,34.0,inf,35.5,0.0
1762,Cethan Carter,MIA,TE,2.0,2.0,0.0,0.0,0.0,16.0,0.0,2.0,1,2.0,0.0,16.0,2.0,17.0,8.0
1777,Jack Stoll,PHI,TE,5.0,4.0,0.0,0.0,0.0,22.0,0.0,2.0,5,1.0,0.0,22.0,0.4,24.0,22.0
1781,Mitchell Wilcox,CIN,TE,5.0,3.0,0.0,0.0,0.0,16.0,0.0,2.0,1,5.0,0.0,16.0,2.0,17.5,3.2
1787,Derek Carrier,LVR,TE,2.0,2.0,0.0,0.0,0.0,13.0,0.0,1.0,1,2.0,0.0,13.0,1.0,14.0,6.5
1795,Demetrius Harris,ARI,TE,6.0,3.0,0.0,0.0,0.0,10.0,0.0,1.0,4,1.5,0.0,10.0,0.25,11.5,6.666666666666667
1796,Brycen Hopkins,LAR,TE,1.0,1.0,0.0,0.0,0.0,9.0,0.0,1.0,0,inf,0.0,9.0,inf,9.5,0.0
1801,Hunter Long,MIA,TE,3.0,1.0,0.0,0.0,0.0,8.0,0.0,1.0,2,1.5,0.0,8.0,0.5,8.5,5.333333333333333
1806,Johnny Mundt,LAR,TE,1.0,1.0,0.0,0.0,0.0,9.0,0.0,1.0,0,inf,0.0,9.0,inf,9.5,0.0
1809,Kevin Rader,PIT,TE,3.0,2.0,0.0,0.0,0.0,8.0,0.0,1.0,1,3.0,0.0,8.0,1.0,9.0,2.6666666666666665
1810,Richard Rodgers,PHI,TE,2.0,2.0,0.0,0.0,0.0,11.0,0.0,1.0,0,inf,0.0,11.0,inf,12.0,0.0
1813,Luke Stocker,MIN,TE,2.0,2.0,0.0,0.0,0.0,12.0,0.0,1.0,0,inf,0.0,12.0,inf,13.0,0.0
1814,Eric Tomlinson,BAL,TE,1.0,1.0,0.0,0.0,0.0,7.0,0.0,1.0,7,0.14285714285714285,0.0,7.0,0.14285714285714285,7.5,49.0
1817,Ethan Wolf,NOR,TE,2.0,2.0,0.0,0.0,0.0,8.0,0.0,1.0,1,2.0,0.0,8.0,1.0,9.0,4.0
1831,Nick Boyle,BAL,TE,2.0,1.0,0.0,0.0,0.0,2.0,0.0,,3,0.6666666666666666,0.0,2.0,,2.5,3.0
1844,Darrell Daniels,ARI,TE,4.0,1.0,0.0,0.0,0.0,0.0,0.0,,4,1.0,0.0,0.0,,0.5,0.0
1860,Daniel Helm,LVR,TE,2.0,1.0,0.0,0.0,0.0,-1.0,0.0,,1,2.0,0.0,-1.0,,-0.5,-0.5
1905,Deon Yelder,TAM,TE,1.0,1.0,0.0,0.0,0.0,0.0,0.0,,0,inf,0.0,0.0,,0.5,0.0
