,Player,Team,Pos,Tgt,Rec,RushingAtt,RushingYds,RushingTD,ReceivingYds,ReceivingTD,FantasyPoints,Games,Usage,Touchdowns,TotYdsScrm,FPTS/G,.5_PPR Points,Production
6,Michael Thomas,NOR,WR,185.0,149.0,1.0,-9.0,0.0,1725.0,9.0,374.6,15,12.4,9.0,1716.0,24.973333333333336,1799.5,139.11290322580643
14,Chris Godwin,TAM,WR,121.0,86.0,1.0,8.0,0.0,1333.0,9.0,274.1,14,8.714285714285714,9.0,1341.0,19.57857142857143,1393.0,154.91803278688525
19,Kenny Golladay,DET,WR,116.0,65.0,0.0,0.0,0.0,1190.0,11.0,248.0,16,7.25,11.0,1190.0,15.5,1233.5,165.6551724137931
25,Cooper Kupp,LAR,WR,134.0,94.0,2.0,4.0,0.0,1161.0,10.0,270.5,14,9.714285714285714,10.0,1165.0,19.321428571428573,1222.0,120.95588235294119
26,Julio Jones,ATL,WR,157.0,99.0,2.0,-3.0,0.0,1394.0,6.0,274.1,15,10.6,6.0,1391.0,18.273333333333333,1446.5,131.7924528301887
27,DeVante Parker,MIA,WR,128.0,72.0,0.0,0.0,0.0,1202.0,9.0,246.2,14,9.142857142857142,9.0,1202.0,17.585714285714285,1247.0,132.453125
31,Amari Cooper,DAL,WR,119.0,79.0,1.0,6.0,0.0,1189.0,8.0,246.5,16,7.5,8.0,1195.0,15.40625,1242.5,160.4
32,Mike Evans,TAM,WR,118.0,67.0,0.0,0.0,0.0,1157.0,8.0,230.7,13,9.076923076923077,8.0,1157.0,17.746153846153845,1198.5,128.34745762711864
33,A.J. Brown,TEN,WR,84.0,52.0,3.0,60.0,1.0,1051.0,8.0,217.1,11,7.909090909090909,9.0,1111.0,19.736363636363635,1146.0,141.60919540229884
34,DeAndre Hopkins,HOU,WR,150.0,104.0,2.0,18.0,0.0,1165.0,7.0,266.54,15,10.133333333333333,7.0,1183.0,17.769333333333336,1242.0,117.4342105263158
36,Keenan Allen,LAC,WR,149.0,104.0,3.0,16.0,0.0,1199.0,6.0,261.5,16,9.5,6.0,1215.0,16.34375,1273.0,128.52631578947367
38,Allen Robinson,CHI,WR,154.0,98.0,1.0,2.0,0.0,1147.0,7.0,254.9,15,10.333333333333334,7.0,1149.0,16.993333333333332,1205.0,111.87096774193547
39,Julian Edelman,NWE,WR,153.0,100.0,8.0,27.0,0.0,1117.0,6.0,254.28,13,12.384615384615385,6.0,1144.0,19.56,1200.0,92.85714285714285
42,Jarvis Landry,CLE,WR,138.0,83.0,1.0,10.0,0.0,1174.0,6.0,237.4,16,8.6875,6.0,1184.0,14.8375,1231.5,136.97841726618705
44,Tyler Lockett,SEA,WR,110.0,82.0,4.0,-5.0,0.0,1057.0,8.0,235.2,16,7.125,8.0,1052.0,14.7,1101.0,148.7719298245614
45,DJ Chark,JAX,WR,118.0,73.0,2.0,20.0,0.0,1008.0,8.0,223.8,14,8.571428571428571,8.0,1028.0,15.985714285714286,1072.5,120.86666666666667
50,Courtland Sutton,DEN,WR,124.0,72.0,3.0,17.0,0.0,1112.0,6.0,222.42,14,9.071428571428571,6.0,1129.0,15.887142857142857,1171.0,125.11811023622047
51,Stefon Diggs,MIN,WR,94.0,63.0,5.0,61.0,0.0,1130.0,6.0,212.1,15,6.6,6.0,1191.0,14.139999999999999,1228.5,181.36363636363637
52,John Brown,BUF,WR,115.0,72.0,2.0,7.0,0.0,1060.0,6.0,219.82,15,7.8,6.0,1067.0,14.654666666666666,1109.0,137.56410256410257
54,Michael Gallup,DAL,WR,113.0,66.0,0.0,0.0,0.0,1107.0,6.0,212.7,12,9.416666666666666,6.0,1107.0,17.724999999999998,1146.0,118.19469026548673
57,D.J. Moore,CAR,WR,135.0,87.0,6.0,40.0,0.0,1175.0,4.0,230.5,15,9.4,4.0,1215.0,15.366666666666667,1262.5,129.68085106382978
58,Robert Woods,LAR,WR,139.0,90.0,17.0,115.0,1.0,1134.0,2.0,232.9,15,10.4,3.0,1249.0,15.526666666666667,1297.0,120.38461538461539
64,Calvin Ridley,ATL,WR,93.0,63.0,2.0,34.0,0.0,866.0,7.0,195.0,10,9.5,7.0,900.0,19.5,938.5,95.47368421052632
66,Terry McLaurin,WAS,WR,93.0,58.0,0.0,0.0,0.0,919.0,7.0,191.9,14,6.642857142857143,7.0,919.0,13.707142857142857,955.0,139.39784946236557
67,Tyler Boyd,CIN,WR,148.0,90.0,4.0,23.0,0.0,1046.0,5.0,222.9,15,10.133333333333333,5.0,1069.0,14.860000000000001,1119.0,105.98684210526316
69,Deebo Samuel,SFO,WR,81.0,57.0,14.0,159.0,3.0,802.0,3.0,187.1,11,8.636363636363637,6.0,961.0,17.009090909090908,995.5,111.96842105263157
70,Marvin Jones,DET,WR,91.0,62.0,2.0,0.0,0.0,779.0,9.0,193.9,11,8.454545454545455,9.0,779.0,17.62727272727273,819.0,93.20430107526882
72,Tyreek Hill,KAN,WR,89.0,58.0,8.0,23.0,0.0,860.0,7.0,188.3,12,8.083333333333334,7.0,883.0,15.691666666666668,919.0,110.10309278350515
73,Davante Adams,GNB,WR,127.0,83.0,0.0,0.0,0.0,997.0,5.0,210.7,12,10.583333333333334,5.0,997.0,17.558333333333334,1043.5,94.6771653543307
99,D.K. Metcalf,SEA,WR,100.0,58.0,2.0,11.0,0.0,900.0,7.0,185.1,15,6.8,7.0,911.0,12.34,947.0,135.0
101,Odell Beckham,CLE,WR,133.0,74.0,3.0,10.0,0.0,1035.0,4.0,201.3,15,9.066666666666666,4.0,1045.0,13.42,1086.0,115.69852941176471
102,Emmanuel Sanders,2TM,WR,97.0,66.0,0.0,0.0,0.0,869.0,5.0,188.3,16,6.0625,5.0,869.0,11.76875,907.0,144.16494845360825
104,Darius Slayton,NYG,WR,84.0,48.0,0.0,0.0,0.0,740.0,8.0,170.0,9,9.333333333333334,8.0,740.0,18.88888888888889,772.0,80.14285714285714
105,Jamison Crowder,NYJ,WR,122.0,78.0,1.0,4.0,0.0,833.0,6.0,197.7,12,10.25,6.0,837.0,16.474999999999998,882.0,82.2439024390244
107,Cole Beasley,BUF,WR,106.0,67.0,0.0,0.0,0.0,778.0,6.0,180.8,10,10.6,6.0,778.0,18.080000000000002,817.5,73.9622641509434
108,Curtis Samuel,CAR,WR,105.0,54.0,19.0,130.0,1.0,627.0,6.0,171.7,15,8.266666666666667,7.0,757.0,11.446666666666665,791.0,92.41935483870967
111,Mike Williams,LAC,WR,90.0,49.0,1.0,2.0,0.0,1001.0,2.0,161.3,15,6.066666666666666,2.0,1003.0,10.753333333333334,1029.5,165.65934065934067
113,Robby Anderson,NYJ,WR,96.0,52.0,1.0,4.0,0.0,779.0,5.0,160.3,15,6.466666666666667,5.0,783.0,10.686666666666667,814.0,121.85567010309278
114,Chris Conley,JAX,WR,90.0,47.0,0.0,0.0,0.0,775.0,5.0,154.5,14,6.428571428571429,5.0,775.0,11.035714285714286,803.5,121.33333333333333
119,Diontae Johnson,PIT,WR,92.0,59.0,4.0,41.0,0.0,680.0,5.0,157.1,12,8.0,5.0,721.0,13.091666666666667,755.5,90.75
121,Golden Tate,NYG,WR,85.0,49.0,1.0,16.0,0.0,676.0,6.0,152.2,10,8.6,6.0,692.0,15.219999999999999,722.5,81.16279069767442
122,Larry Fitzgerald,ARI,WR,109.0,75.0,0.0,0.0,0.0,804.0,4.0,177.4,16,6.8125,4.0,804.0,11.0875,845.5,118.60550458715596
123,Breshad Perriman,TAM,WR,69.0,36.0,2.0,16.0,0.0,645.0,6.0,138.1,4,17.75,6.0,661.0,34.525,685.0,37.57746478873239
126,Tyrell Williams,OAK,WR,64.0,42.0,0.0,0.0,0.0,651.0,6.0,143.1,12,5.333333333333333,6.0,651.0,11.924999999999999,678.0,123.1875
127,Marquise Brown,BAL,WR,71.0,46.0,0.0,0.0,0.0,584.0,7.0,146.4,11,6.454545454545454,7.0,584.0,13.30909090909091,614.0,91.56338028169014
128,Randall Cobb,DAL,WR,83.0,55.0,3.0,11.0,0.0,828.0,3.0,154.9,6,14.333333333333334,3.0,839.0,25.816666666666666,869.5,58.74418604651162
129,Christian Kirk,ARI,WR,108.0,68.0,10.0,93.0,0.0,709.0,3.0,166.2,13,9.076923076923077,3.0,802.0,12.784615384615384,839.0,88.6864406779661
131,Mecole Hardman,KAN,WR,41.0,26.0,4.0,17.0,0.0,538.0,6.0,113.5,5,9.0,6.0,555.0,22.7,574.0,62.333333333333336
132,Zach Pascal,IND,WR,72.0,41.0,2.0,16.0,0.0,607.0,5.0,133.3,13,5.6923076923076925,5.0,623.0,10.253846153846155,648.5,110.32432432432432
134,Dede Westbrook,JAX,WR,101.0,66.0,5.0,27.0,0.0,660.0,3.0,152.7,11,9.636363636363637,3.0,687.0,13.881818181818181,723.0,71.60377358490565
136,James Washington,PIT,WR,80.0,44.0,0.0,0.0,0.0,735.0,3.0,133.5,10,8.0,3.0,735.0,13.35,760.0,92.25
137,Sammy Watkins,KAN,WR,90.0,52.0,2.0,12.0,0.0,673.0,3.0,136.5,13,7.076923076923077,3.0,685.0,10.5,714.0,97.21739130434783
142,Will Fuller,HOU,WR,71.0,49.0,0.0,0.0,0.0,670.0,3.0,134.0,11,6.454545454545454,3.0,670.0,12.181818181818182,697.5,104.26760563380283
144,Hunter Renfrow,OAK,WR,71.0,49.0,0.0,0.0,0.0,605.0,4.0,133.5,4,17.75,4.0,605.0,33.375,633.5,34.309859154929576
145,Sterling Shepard,NYG,WR,83.0,57.0,6.0,72.0,0.0,576.0,3.0,139.8,10,8.9,3.0,648.0,13.98,679.5,73.14606741573033
147,Adam Thielen,MIN,WR,48.0,30.0,4.0,6.0,1.0,418.0,6.0,114.4,10,5.2,7.0,424.0,11.440000000000001,446.0,82.88461538461539
150,T.Y. Hilton,IND,WR,68.0,45.0,0.0,0.0,0.0,501.0,5.0,125.1,10,6.8,5.0,501.0,12.51,528.5,74.41176470588235
151,Kenny Stills,HOU,WR,55.0,40.0,0.0,0.0,0.0,561.0,4.0,120.1,5,11.0,4.0,561.0,24.02,585.0,51.36363636363637
152,Danny Amendola,DET,WR,97.0,62.0,0.0,0.0,0.0,678.0,1.0,140.56,10,9.7,1.0,678.0,14.056000000000001,710.0,70.0
153,Alshon Jeffery,PHI,WR,73.0,43.0,1.0,2.0,1.0,490.0,4.0,122.2,10,7.4,5.0,492.0,12.22,518.5,67.16216216216216
155,Brandin Cooks,LAR,WR,72.0,42.0,6.0,52.0,0.0,583.0,2.0,117.5,14,5.571428571428571,2.0,635.0,8.392857142857142,658.0,114.33333333333334
157,Anthony Miller,CHI,WR,85.0,52.0,1.0,-1.0,0.0,656.0,2.0,127.5,7,12.285714285714286,2.0,655.0,18.214285714285715,683.0,53.47674418604651
158,Steven Sims,WAS,WR,56.0,34.0,9.0,85.0,1.0,310.0,4.0,103.5,2,32.5,5.0,395.0,51.75,417.0,12.307692307692308
165,Corey Davis,TEN,WR,69.0,43.0,0.0,0.0,0.0,601.0,2.0,115.1,11,6.2727272727272725,2.0,601.0,10.463636363636363,624.5,96.1304347826087
166,Phillip Dorsett,NWE,WR,54.0,29.0,3.0,21.0,0.0,397.0,5.0,100.8,4,14.25,5.0,418.0,25.2,437.5,29.68421052631579
170,JuJu Smith-Schuster,PIT,WR,70.0,42.0,0.0,0.0,0.0,552.0,3.0,113.2,12,5.833333333333333,3.0,552.0,9.433333333333334,576.0,95.14285714285715
173,Demarcus Robinson,KAN,WR,55.0,32.0,0.0,0.0,0.0,449.0,4.0,100.9,10,5.5,4.0,449.0,10.09,469.0,82.36363636363636
174,Kendrick Bourne,SFO,WR,44.0,30.0,0.0,0.0,0.0,358.0,5.0,95.8,0,inf,5.0,358.0,inf,378.0,0.0
175,Allen Lazard,GNB,WR,52.0,35.0,1.0,21.0,0.0,477.0,3.0,102.8,3,17.666666666666668,3.0,498.0,34.266666666666666,518.5,28.358490566037734
178,John Ross,CIN,WR,56.0,28.0,3.0,4.0,0.0,506.0,3.0,95.0,8,7.375,3.0,510.0,11.875,527.0,69.55932203389831
180,Mohamed Sanu,2TM,WR,89.0,59.0,3.0,11.0,0.0,520.0,2.0,124.1,12,7.666666666666667,2.0,531.0,10.341666666666667,562.5,69.52173913043478
184,Willie Snead,BAL,WR,46.0,31.0,2.0,2.0,0.0,339.0,5.0,95.1,11,4.363636363636363,5.0,341.0,8.645454545454545,361.5,79.29166666666667
186,Auden Tate,CIN,WR,80.0,40.0,0.0,0.0,0.0,575.0,1.0,101.5,10,8.0,1.0,575.0,10.15,596.0,72.0
187,Taylor Gabriel,CHI,WR,48.0,29.0,3.0,20.0,0.0,353.0,4.0,90.3,7,7.285714285714286,4.0,373.0,12.9,391.5,51.745098039215684
188,Preston Williams,MIA,WR,60.0,32.0,0.0,0.0,0.0,428.0,3.0,90.8,7,8.571428571428571,3.0,428.0,12.971428571428572,447.0,50.28333333333333
190,Marquez Valdes-Scantling,GNB,WR,56.0,26.0,2.0,9.0,0.0,452.0,2.0,84.1,10,5.8,2.0,461.0,8.41,476.0,79.82758620689656
195,Tajae Sharpe,TEN,WR,35.0,25.0,0.0,0.0,0.0,329.0,4.0,81.9,6,5.833333333333333,4.0,329.0,13.65,345.5,57.08571428571429
197,Ted Ginn,NOR,WR,56.0,30.0,3.0,18.0,0.0,421.0,2.0,85.9,9,6.555555555555555,2.0,439.0,9.544444444444444,456.0,67.27118644067797
198,Nelson Agholor,PHI,WR,69.0,39.0,2.0,7.0,0.0,363.0,3.0,92.0,10,7.1,3.0,370.0,9.2,392.5,52.53521126760564
200,Keelan Cole,JAX,WR,35.0,24.0,1.0,6.0,0.0,361.0,3.0,78.7,1,36.0,3.0,367.0,78.7,382.0,10.277777777777779
206,Alex Erickson,CIN,WR,78.0,43.0,5.0,33.0,0.0,529.0,0.0,96.24,6,13.833333333333334,0.0,562.0,16.04,583.5,40.626506024096386
209,Tre'Quan Smith,NOR,WR,25.0,18.0,0.0,0.0,0.0,234.0,5.0,71.4,6,4.166666666666667,5.0,234.0,11.9,248.0,57.36
211,Allen Hurns,MIA,WR,47.0,32.0,0.0,0.0,0.0,416.0,2.0,83.6,7,6.714285714285714,2.0,416.0,11.942857142857141,434.0,62.25531914893617
216,Russell Gage,ATL,WR,74.0,49.0,4.0,12.0,0.0,446.0,1.0,98.8,4,19.5,1.0,458.0,24.7,483.5,23.53846153846154
219,Adam Humphries,TEN,WR,47.0,37.0,1.0,1.0,0.0,374.0,2.0,86.5,3,16.0,2.0,375.0,28.833333333333332,395.5,23.5625
222,Demaryius Thomas,NYJ,WR,58.0,36.0,0.0,0.0,0.0,433.0,1.0,85.3,10,5.8,1.0,433.0,8.53,452.0,74.82758620689656
223,Olabisi Johnson,MIN,WR,45.0,31.0,1.0,6.0,0.0,294.0,3.0,79.0,6,7.666666666666667,3.0,300.0,13.166666666666666,318.5,39.52173913043478
225,Josh Gordon,2TM,WR,47.0,27.0,1.0,1.0,0.0,426.0,1.0,73.7,7,6.857142857142857,1.0,427.0,10.528571428571428,441.5,62.41666666666667
231,Albert Wilson,MIA,WR,62.0,43.0,5.0,45.0,0.0,351.0,1.0,89.4,4,16.75,1.0,396.0,22.35,418.5,23.70149253731343
237,David Moore,SEA,WR,34.0,17.0,3.0,25.0,0.0,301.0,2.0,59.6,1,37.0,2.0,326.0,59.6,336.5,8.864864864864865
241,Cody Latimer,NYG,WR,42.0,24.0,0.0,0.0,0.0,300.0,2.0,66.0,10,4.2,2.0,300.0,6.6,314.0,71.9047619047619
244,Geronimo Allison,GNB,WR,55.0,34.0,1.0,7.0,0.0,287.0,2.0,73.4,6,9.333333333333334,2.0,294.0,12.233333333333334,313.0,31.71428571428571
247,Josh Reynolds,LAR,WR,43.0,21.0,5.0,23.0,0.0,326.0,1.0,61.9,2,24.0,1.0,349.0,30.95,360.5,14.583333333333334
248,Damiere Byrd,ARI,WR,46.0,32.0,0.0,0.0,0.0,359.0,1.0,71.9,3,15.333333333333334,1.0,359.0,23.96666666666667,376.0,23.478260869565215
249,Marcus Johnson,IND,WR,33.0,17.0,0.0,0.0,0.0,277.0,2.0,56.7,6,5.5,2.0,277.0,9.450000000000001,287.5,50.72727272727273
251,Seth Roberts,BAL,WR,35.0,21.0,0.0,0.0,0.0,271.0,2.0,60.1,0,inf,2.0,271.0,inf,283.5,0.0
254,Miles Boykin,BAL,WR,22.0,13.0,0.0,0.0,0.0,198.0,3.0,50.8,11,2.0,3.0,198.0,4.618181818181818,207.5,100.5
258,Kelvin Harmon,WAS,WR,44.0,30.0,0.0,0.0,0.0,365.0,0.0,66.94,8,5.5,0.0,365.0,8.3675,380.0,66.36363636363636
259,Paul Richardson,WAS,WR,42.0,28.0,1.0,0.0,0.0,245.0,2.0,64.5,6,7.166666666666667,2.0,245.0,10.75,261.0,34.46511627906977
260,DaeSean Hamilton,DEN,WR,52.0,28.0,0.0,0.0,0.0,297.0,1.0,63.7,2,26.0,1.0,297.0,31.85,312.0,11.461538461538462
262,Isaiah McKenzie,BUF,WR,39.0,27.0,8.0,49.0,0.0,254.0,1.0,63.3,8,5.875,1.0,303.0,7.9125,317.5,51.744680851063826
263,Jakobi Meyers,NWE,WR,41.0,26.0,0.0,0.0,0.0,359.0,0.0,61.9,1,41.0,0.0,359.0,61.9,372.0,8.75609756097561
267,Tavon Austin,DAL,WR,24.0,13.0,6.0,47.0,1.0,177.0,1.0,47.4,0,inf,2.0,224.0,inf,232.5,0.0
270,Marvin Hall,DET,WR,11.0,7.0,1.0,7.0,0.0,261.0,1.0,39.8,0,inf,1.0,268.0,inf,272.5,0.0
272,Jaron Brown,SEA,WR,28.0,16.0,0.0,0.0,0.0,220.0,2.0,48.0,4,7.0,2.0,220.0,12.0,230.0,31.714285714285715
273,Vyncint Smith,NYJ,WR,31.0,17.0,3.0,52.0,1.0,225.0,0.0,48.7,4,8.5,1.0,277.0,12.175,286.5,32.705882352941174
274,Greg Ward,PHI,WR,40.0,28.0,1.0,5.0,0.0,254.0,1.0,59.9,3,13.666666666666666,1.0,259.0,19.966666666666665,274.0,19.024390243902438
275,Pharoh Cooper,2TM,WR,33.0,25.0,1.0,2.0,0.0,243.0,1.0,55.5,1,34.0,1.0,245.0,55.5,258.5,7.235294117647059
276,Keke Coutee,HOU,WR,36.0,22.0,2.0,14.0,1.0,254.0,0.0,52.8,4,9.5,1.0,268.0,13.2,280.0,28.31578947368421
278,Malik Turner,SEA,WR,22.0,15.0,0.0,0.0,0.0,245.0,1.0,45.5,3,7.333333333333333,1.0,245.0,15.166666666666666,253.5,33.54545454545455
281,Chester Rogers,IND,WR,28.0,16.0,1.0,18.0,0.0,179.0,2.0,45.7,6,4.833333333333333,2.0,197.0,7.616666666666667,207.0,41.17241379310345
283,Jarius Wright,CAR,WR,58.0,28.0,1.0,-7.0,0.0,296.0,0.0,56.9,9,6.555555555555555,0.0,289.0,6.322222222222222,303.0,44.08474576271187
284,DeSean Jackson,PHI,WR,10.0,9.0,0.0,0.0,0.0,159.0,2.0,36.9,3,3.3333333333333335,2.0,159.0,12.299999999999999,165.5,48.3
285,Jake Kumerow,GNB,WR,21.0,12.0,0.0,0.0,0.0,219.0,1.0,39.9,4,5.25,1.0,219.0,9.975,226.0,41.904761904761905
286,Scott Miller,TAM,WR,26.0,13.0,2.0,16.0,0.0,200.0,1.0,40.6,2,14.0,1.0,216.0,20.3,223.5,15.5
287,Justin Watson,TAM,WR,26.0,15.0,0.0,0.0,0.0,159.0,2.0,42.9,2,13.0,2.0,159.0,21.45,168.5,12.384615384615385
288,Jakeem Grant,MIA,WR,33.0,19.0,4.0,5.0,1.0,164.0,0.0,39.9,2,18.5,1.0,169.0,19.95,179.5,9.18918918918919
289,N'Keal Harry,NWE,WR,24.0,12.0,5.0,49.0,0.0,105.0,2.0,39.4,5,5.8,2.0,154.0,7.88,162.0,26.896551724137932
294,Isaiah Ford,MIA,WR,35.0,23.0,1.0,11.0,0.0,244.0,0.0,48.5,0,inf,0.0,255.0,inf,266.5,0.0
295,Marquise Goodwin,SFO,WR,21.0,12.0,1.0,15.0,0.0,186.0,1.0,38.1,6,3.6666666666666665,1.0,201.0,6.3500000000000005,208.0,55.09090909090909
297,Andy Isabella,ARI,WR,13.0,9.0,4.0,15.0,0.0,189.0,1.0,35.4,1,17.0,1.0,204.0,35.4,209.5,12.058823529411764
299,Trey Quinn,WAS,WR,47.0,26.0,0.0,0.0,0.0,198.0,1.0,49.8,6,7.833333333333333,1.0,198.0,8.299999999999999,212.0,25.404255319148938
300,Damion Ratley,CLE,WR,24.0,12.0,0.0,0.0,0.0,200.0,1.0,38.0,3,8.0,1.0,200.0,12.666666666666666,207.0,25.125
304,KeeSean Johnson,ARI,WR,42.0,21.0,1.0,3.0,0.0,187.0,1.0,44.0,4,10.75,1.0,190.0,11.0,201.5,17.767441860465116
305,Cordarrelle Patterson,CHI,WR,17.0,11.0,17.0,103.0,0.0,83.0,0.0,29.6,4,8.5,0.0,186.0,7.4,191.5,21.88235294117647
307,Javon Wims,CHI,WR,39.0,18.0,0.0,0.0,0.0,186.0,1.0,42.6,6,6.5,1.0,186.0,7.1000000000000005,196.0,28.76923076923077
310,Dante Pettis,SFO,WR,24.0,11.0,0.0,0.0,0.0,109.0,2.0,34.54,4,6.0,2.0,109.0,8.635,116.5,18.5
311,Laquon Treadwell,MIN,WR,16.0,9.0,0.0,0.0,0.0,184.0,1.0,33.4,1,16.0,1.0,184.0,33.4,189.5,11.5625
312,Olamide Zaccheaus,ATL,WR,5.0,3.0,0.0,0.0,0.0,115.0,1.0,20.5,0,inf,1.0,115.0,inf,117.5,0.0
313,JJ Arcega-Whiteside,PHI,WR,22.0,10.0,0.0,0.0,0.0,169.0,1.0,32.9,5,4.4,1.0,169.0,6.58,175.0,38.63636363636363
316,Bennie Fowler,NYG,WR,36.0,23.0,1.0,20.0,0.0,193.0,0.0,44.3,2,18.5,0.0,213.0,22.15,224.5,11.513513513513514
317,Byron Pringle,KAN,WR,16.0,12.0,0.0,0.0,0.0,170.0,1.0,35.0,0,inf,1.0,170.0,inf,177.0,0.0
320,Duke Williams,BUF,WR,19.0,12.0,0.0,0.0,0.0,166.0,1.0,34.6,3,6.333333333333333,1.0,166.0,11.533333333333333,173.0,26.36842105263158
322,Zay Jones,2TM,WR,45.0,27.0,1.0,3.0,0.0,216.0,0.0,48.9,9,5.111111111111111,0.0,219.0,5.433333333333334,232.5,42.84782608695652
324,Tim Patrick,DEN,WR,31.0,16.0,0.0,0.0,0.0,218.0,0.0,37.8,2,15.5,0.0,218.0,18.9,226.0,14.064516129032258
329,Kalif Raymond,TEN,WR,12.0,9.0,1.0,-5.0,0.0,170.0,1.0,29.5,1,13.0,1.0,165.0,29.5,170.5,12.76923076923077
330,Parris Campbell,IND,WR,24.0,18.0,4.0,34.0,0.0,127.0,1.0,38.1,3,9.333333333333334,1.0,161.0,12.700000000000001,171.0,17.357142857142858
332,Trevor Davis,3TM,WR,11.0,8.0,4.0,73.0,1.0,111.0,0.0,28.4,4,3.75,1.0,184.0,7.1,189.0,49.333333333333336
333,Justin Hardy,ATL,WR,26.0,19.0,0.0,0.0,0.0,195.0,0.0,38.5,1,26.0,0.0,195.0,38.5,204.5,7.5
334,Richie James,SFO,WR,10.0,6.0,2.0,-1.0,0.0,165.0,1.0,26.4,1,12.0,1.0,164.0,26.4,168.0,13.75
341,Dontrelle Inman,2TM,WR,21.0,12.0,0.0,0.0,0.0,181.0,0.0,30.1,1,21.0,0.0,181.0,30.1,187.0,8.619047619047619
349,Devin Smith,DAL,WR,9.0,5.0,0.0,0.0,0.0,113.0,1.0,22.3,2,4.5,1.0,113.0,11.15,116.5,25.333333333333332
360,DeAndre Carter,HOU,WR,14.0,11.0,0.0,0.0,0.0,162.0,0.0,25.2,3,4.666666666666667,0.0,162.0,8.4,167.5,34.714285714285715
367,Keelan Doss,OAK,WR,14.0,11.0,0.0,0.0,0.0,133.0,0.0,24.3,2,7.0,0.0,133.0,12.15,138.5,19.0
368,Rico Gafford,OAK,WR,2.0,2.0,0.0,0.0,0.0,66.0,1.0,14.6,1,2.0,1.0,66.0,14.6,68.0,33.5
369,Mack Hollins,2TM,WR,23.0,10.0,0.0,0.0,0.0,125.0,0.0,22.5,3,7.666666666666667,0.0,125.0,7.5,130.0,16.304347826086957
375,Antonio Brown,NWE,WR,8.0,4.0,1.0,5.0,0.0,56.0,1.0,16.1,0,inf,1.0,61.0,inf,64.0,0.0
376,Deon Cain,2TM,WR,20.0,9.0,0.0,0.0,0.0,124.0,0.0,21.4,6,3.3333333333333335,0.0,124.0,3.5666666666666664,128.5,37.199999999999996
377,Rashard Higgins,CLE,WR,11.0,4.0,0.0,0.0,0.0,55.0,1.0,15.5,1,11.0,1.0,55.0,15.5,58.0,5.090909090909091
383,Brandon Zylstra,CAR,WR,12.0,8.0,0.0,0.0,0.0,106.0,0.0,18.6,0,inf,0.0,106.0,inf,110.0,0.0
384,Marcell Ateman,OAK,WR,10.0,5.0,0.0,0.0,0.0,116.0,0.0,14.6,0,inf,0.0,116.0,inf,118.5,0.0
385,Braxton Berrios,NYJ,WR,13.0,6.0,0.0,0.0,0.0,115.0,0.0,15.5,0,inf,0.0,115.0,inf,118.0,0.0
387,Deonte Harris,NOR,WR,6.0,6.0,4.0,31.0,0.0,24.0,0.0,9.5,1,10.0,0.0,55.0,9.5,58.0,5.5
389,T.J. Jones,NYG,WR,4.0,3.0,0.0,0.0,0.0,38.0,1.0,12.8,0,inf,1.0,38.0,inf,40.5,0.0
390,JJ Nelson,OAK,WR,5.0,4.0,0.0,0.0,0.0,36.0,1.0,13.6,1,5.0,1.0,36.0,13.6,39.0,7.4
396,Christian Blake,ATL,WR,24.0,11.0,0.0,0.0,0.0,91.0,0.0,20.1,3,8.0,0.0,91.0,6.7,96.5,11.375
397,Antonio Callaway,CLE,WR,15.0,8.0,0.0,0.0,0.0,89.0,0.0,16.9,2,7.5,0.0,89.0,8.45,93.0,11.866666666666667
399,Robert Foster,BUF,WR,18.0,3.0,2.0,29.0,0.0,64.0,0.0,12.3,2,10.0,0.0,93.0,6.15,94.5,9.3
406,Ventell Bryant,DAL,WR,1.0,1.0,0.0,0.0,0.0,15.0,1.0,8.5,0,inf,1.0,15.0,inf,16.5,0.0
408,KhaDarel Hodge,CLE,WR,10.0,4.0,0.0,0.0,0.0,76.0,0.0,11.6,1,10.0,0.0,76.0,11.6,78.0,7.6
409,Trent Sherfield,ARI,WR,13.0,4.0,0.0,0.0,0.0,80.0,0.0,12.0,1,13.0,0.0,80.0,12.0,82.0,6.153846153846154
410,Damion Willis,CIN,WR,16.0,9.0,0.0,0.0,0.0,82.0,0.0,17.2,2,8.0,0.0,82.0,8.6,86.5,10.25
412,Chad Beebe,MIN,WR,2.0,2.0,0.0,0.0,0.0,70.0,0.0,9.0,0,inf,0.0,70.0,inf,71.0,0.0
417,Chris Hogan,CAR,WR,15.0,8.0,0.0,0.0,0.0,67.0,0.0,14.7,1,15.0,0.0,67.0,14.7,71.0,4.466666666666667
419,Riley Ridley,CHI,WR,7.0,6.0,0.0,0.0,0.0,69.0,0.0,12.9,0,inf,0.0,69.0,inf,72.0,0.0
428,Tevin Jones,PIT,WR,10.0,4.0,0.0,0.0,0.0,61.0,0.0,10.1,0,inf,0.0,61.0,inf,63.0,0.0
429,Chris Lacy,DET,WR,10.0,3.0,0.0,0.0,0.0,60.0,0.0,9.0,2,5.0,0.0,60.0,4.5,61.5,12.0
431,Andre Patton,LAC,WR,17.0,6.0,0.0,0.0,0.0,56.0,0.0,11.6,5,3.4,0.0,56.0,2.32,59.0,16.47058823529412
435,Deontay Burnett,PHI,WR,4.0,2.0,0.0,0.0,0.0,48.0,0.0,6.8,1,4.0,0.0,48.0,6.8,49.0,12.0
439,Alexander Hollins,MIN,WR,4.0,2.0,0.0,0.0,0.0,46.0,0.0,6.6,1,4.0,0.0,46.0,6.6,47.0,11.5
446,DeAndrew White,CAR,WR,9.0,4.0,0.0,0.0,0.0,51.0,0.0,9.1,0,inf,0.0,51.0,inf,53.0,0.0
447,Cedrick Wilson,DAL,WR,8.0,5.0,0.0,0.0,0.0,46.0,0.0,9.6,0,inf,0.0,46.0,inf,48.5,0.0
450,Geremy Davis,LAC,WR,3.0,3.0,0.0,0.0,0.0,38.0,0.0,6.8,1,3.0,0.0,38.0,6.8,39.5,12.666666666666666
453,Steven Mitchell,HOU,WR,6.0,2.0,0.0,0.0,0.0,37.0,0.0,5.7,1,6.0,0.0,37.0,5.7,38.0,6.166666666666667
454,Jason Moore,LAC,WR,5.0,2.0,0.0,0.0,0.0,43.0,0.0,6.3,0,inf,0.0,43.0,inf,44.0,0.0
457,Travis Benjamin,LAC,WR,16.0,6.0,0.0,0.0,0.0,30.0,0.0,9.0,2,8.0,0.0,30.0,4.5,33.0,3.75
458,C.J. Board,JAX,WR,4.0,2.0,0.0,0.0,0.0,31.0,0.0,5.1,0,inf,0.0,31.0,inf,32.0,0.0
460,Cody Core,NYG,WR,5.0,3.0,0.0,0.0,0.0,28.0,0.0,5.8,0,inf,0.0,28.0,inf,29.5,0.0
462,Devin Funchess,IND,WR,5.0,3.0,0.0,0.0,0.0,32.0,0.0,6.2,1,5.0,0.0,32.0,6.2,33.5,6.4
463,Johnny Holton,PIT,WR,15.0,3.0,1.0,9.0,0.0,21.0,0.0,6.0,3,5.333333333333333,0.0,30.0,2.0,31.5,5.625
465,Ishmael Hyman,TAM,WR,4.0,2.0,0.0,0.0,0.0,34.0,0.0,5.4,1,4.0,0.0,34.0,5.4,35.0,8.5
466,Jordan Matthews,2TM,WR,12.0,4.0,0.0,0.0,0.0,33.0,0.0,7.3,1,12.0,0.0,33.0,7.3,35.0,2.75
467,Codey McElroy,TAM,WR,1.0,1.0,0.0,0.0,0.0,30.0,0.0,4.0,0,inf,0.0,30.0,inf,30.5,0.0
469,Andre Roberts,BUF,WR,7.0,3.0,1.0,7.0,0.0,20.0,0.0,5.7,0,inf,0.0,27.0,inf,28.5,0.0
471,Da'Mari Scott,NYG,WR,3.0,2.0,1.0,5.0,0.0,22.0,0.0,4.7,2,2.0,0.0,27.0,2.35,28.0,13.5
472,Russell Shepard,NYG,WR,8.0,3.0,0.0,0.0,0.0,25.0,0.0,5.5,0,inf,0.0,25.0,inf,26.5,0.0
474,Cam Sims,WAS,WR,3.0,2.0,0.0,0.0,0.0,27.0,0.0,4.7,1,3.0,0.0,27.0,4.7,28.0,9.0
475,Ryan Switzer,PIT,WR,11.0,8.0,0.0,0.0,0.0,27.0,0.0,10.7,0,inf,0.0,27.0,inf,31.0,0.0
478,Josh Bellamy,NYJ,WR,3.0,2.0,0.0,0.0,0.0,20.0,0.0,4.0,0,inf,0.0,20.0,inf,21.0,0.0
479,Fred Brown,DEN,WR,3.0,2.0,0.0,0.0,0.0,21.0,0.0,4.1,1,3.0,0.0,21.0,4.1,22.0,7.0
480,Michael Crabtree,ARI,WR,5.0,4.0,0.0,0.0,0.0,22.0,0.0,6.2,1,5.0,0.0,22.0,6.2,24.0,4.4
481,Rashard Davis,TEN,WR,1.0,1.0,0.0,0.0,0.0,16.0,0.0,2.6,0,inf,0.0,16.0,inf,16.5,0.0
482,Robert Davis,2TM,WR,5.0,2.0,0.0,0.0,0.0,17.0,0.0,3.7,3,1.6666666666666667,0.0,17.0,1.2333333333333334,18.0,10.2
483,Ashton Dulin,IND,WR,2.0,2.0,0.0,0.0,0.0,17.0,0.0,3.7,0,inf,0.0,17.0,inf,18.0,0.0
485,Darius Jennings,TEN,WR,5.0,2.0,0.0,0.0,0.0,17.0,0.0,3.7,0,inf,0.0,17.0,inf,18.0,0.0
486,Marqise Lee,JAX,WR,4.0,3.0,1.0,1.0,0.0,18.0,0.0,4.9,1,5.0,0.0,19.0,4.9,20.5,3.8
488,Donte Moncrief,2TM,WR,15.0,4.0,0.0,0.0,0.0,18.0,0.0,5.8,2,7.5,0.0,18.0,2.9,20.0,2.4
489,Chris Moore,BAL,WR,5.0,3.0,1.0,0.0,0.0,21.0,0.0,5.1,1,6.0,0.0,21.0,5.1,22.5,3.5
490,Stanley Morgan,CIN,WR,10.0,3.0,0.0,0.0,0.0,18.0,0.0,4.8,0,inf,0.0,18.0,inf,19.5,0.0
495,Diontae Spencer,DEN,WR,8.0,6.0,3.0,6.0,0.0,31.0,0.0,7.7,2,5.5,0.0,37.0,3.85,40.0,6.7272727272727275
496,Bobo Wilson,TAM,WR,11.0,3.0,0.0,0.0,0.0,35.0,0.0,4.5,1,11.0,0.0,35.0,4.5,36.5,3.1818181818181817
501,Austin Carr,NOR,WR,4.0,1.0,0.0,0.0,0.0,9.0,0.0,1.9,3,1.3333333333333333,0.0,9.0,0.6333333333333333,9.5,6.75
504,John Franklin,TAM,WR,0.0,0.0,1.0,11.0,0.0,0.0,0.0,1.1,0,inf,0.0,11.0,inf,11.0,0.0
505,Ryan Grant,OAK,WR,9.0,4.0,0.0,0.0,0.0,14.0,0.0,5.4,1,9.0,0.0,14.0,5.4,16.0,1.5555555555555556
509,Dwayne Harris,OAK,WR,1.0,1.0,0.0,0.0,0.0,7.0,0.0,1.7,0,inf,0.0,7.0,inf,7.5,0.0
511,Cody Hollister,TEN,WR,2.0,2.0,0.0,0.0,0.0,13.0,0.0,3.3,0,inf,0.0,13.0,inf,14.0,0.0
521,Gunner Olszewski,NWE,WR,4.0,2.0,0.0,0.0,0.0,34.0,0.0,3.4,0,inf,0.0,34.0,inf,35.0,0.0
525,Jaleel Scott,BAL,WR,3.0,1.0,0.0,0.0,0.0,6.0,0.0,1.6,0,inf,0.0,6.0,inf,6.5,0.0
527,Jeff Smith,NYJ,WR,2.0,1.0,0.0,0.0,0.0,12.0,0.0,2.2,0,inf,0.0,12.0,inf,12.5,0.0
529,De'Anthony Thomas,2TM,WR,2.0,1.0,2.0,5.0,0.0,6.0,0.0,2.1,0,inf,0.0,11.0,inf,11.5,0.0
531,Mike Thomas,LAR,WR,5.0,2.0,0.0,0.0,0.0,14.0,0.0,3.4,0,inf,0.0,14.0,inf,15.0,0.0
534,John Ursua,SEA,WR,1.0,1.0,0.0,0.0,0.0,11.0,0.0,2.1,0,inf,0.0,11.0,inf,11.5,0.0
565,Cyril Grayson,TAM,WR,1.0,1.0,0.0,0.0,0.0,3.0,0.0,1.3,0,inf,0.0,3.0,inf,3.5,0.0
570,Krishawn Hogan,NOR,WR,1.0,1.0,0.0,0.0,0.0,4.0,0.0,1.4,0,inf,0.0,4.0,inf,4.5,0.0
614,Quincy Enunwa,NYJ,WR,3.0,1.0,0.0,0.0,0.0,-4.0,0.0,-1.4,1,3.0,0.0,-4.0,-1.4,-3.5,-1.3333333333333333
616,Darrius Shepherd,GNB,WR,2.0,1.0,0.0,0.0,0.0,1.0,0.0,-0.9,0,inf,0.0,1.0,-inf,1.5,0.0
618,Michael Walker,JAX,WR,3.0,2.0,0.0,0.0,0.0,15.0,0.0,-0.5,0,inf,0.0,15.0,-inf,16.0,0.0
624,Davante Adams,GNB,WR,149.0,115.0,0.0,0.0,0.0,1374.0,18.0,243.0,14,10.642857142857142,18.0,1374.0,17.357142857142858,1449.5,130.79194630872485
625,Tyreek Hill,KAN,WR,135.0,87.0,13.0,123.0,2.0,1276.0,15.0,242.0,15,9.866666666666667,17.0,1399.0,16.133333333333333,1459.5,143.51351351351352
636,Stefon Diggs,BUF,WR,166.0,127.0,1.0,1.0,0.0,1535.0,8.0,202.0,15,11.133333333333333,8.0,1536.0,13.466666666666667,1607.5,138.68263473053892
639,Calvin Ridley,ATL,WR,143.0,90.0,5.0,1.0,0.0,1374.0,9.0,192.0,15,9.866666666666667,9.0,1375.0,12.8,1429.0,140.27027027027026
640,D.K. Metcalf,SEA,WR,129.0,83.0,0.0,0.0,0.0,1303.0,10.0,188.0,16,8.0625,10.0,1303.0,11.75,1354.5,162.85271317829458
643,Justin Jefferson,MIN,WR,125.0,88.0,1.0,2.0,0.0,1400.0,7.0,186.0,14,9.0,7.0,1402.0,13.285714285714286,1453.0,156.55555555555554
645,Adam Thielen,MIN,WR,108.0,74.0,3.0,15.0,0.0,925.0,14.0,180.0,15,7.4,14.0,940.0,12.0,991.0,128.9189189189189
646,Mike Evans,TAM,WR,109.0,70.0,0.0,0.0,0.0,1006.0,13.0,179.0,16,6.8125,13.0,1006.0,11.1875,1054.0,149.57798165137615
647,A.J. Brown,TEN,WR,106.0,70.0,0.0,0.0,0.0,1075.0,11.0,178.0,12,8.833333333333334,11.0,1075.0,14.833333333333334,1121.0,122.94339622641509
651,DeAndre Hopkins,ARI,WR,160.0,115.0,1.0,1.0,0.0,1407.0,6.0,173.0,16,10.0625,6.0,1408.0,10.8125,1471.5,140.52173913043478
653,Tyler Lockett,SEA,WR,132.0,100.0,0.0,0.0,0.0,1054.0,10.0,165.0,16,8.25,10.0,1054.0,10.3125,1114.0,128.96969696969697
657,Allen Robinson,CHI,WR,151.0,102.0,1.0,-1.0,0.0,1250.0,6.0,161.0,16,9.5,6.0,1249.0,10.0625,1306.0,132.10526315789474
659,Robert Woods,LAR,WR,129.0,90.0,24.0,155.0,2.0,936.0,6.0,155.0,16,9.5625,8.0,1091.0,9.6875,1144.0,114.9281045751634
661,Chase Claypool,PIT,WR,109.0,62.0,10.0,16.0,2.0,873.0,9.0,153.0,6,19.833333333333332,11.0,889.0,25.5,931.0,45.378151260504204
662,Marvin Jones,DET,WR,115.0,76.0,0.0,0.0,0.0,978.0,9.0,152.0,16,7.1875,9.0,978.0,9.5,1025.0,137.3217391304348
663,Brandin Cooks,HOU,WR,119.0,81.0,0.0,0.0,0.0,1150.0,6.0,151.0,15,7.933333333333334,6.0,1150.0,10.066666666666666,1196.5,145.71428571428572
665,Taysom Hill,NOR,WR,12.0,8.0,87.0,457.0,8.0,98.0,1.0,149.0,8,12.375,9.0,555.0,18.625,568.0,45.57575757575758
669,D.J. Moore,CAR,WR,118.0,66.0,2.0,22.0,0.0,1193.0,4.0,146.0,14,8.571428571428571,4.0,1215.0,10.428571428571429,1252.0,142.21666666666667
670,Keenan Allen,LAC,WR,147.0,100.0,1.0,-1.0,0.0,992.0,8.0,145.0,13,11.384615384615385,8.0,991.0,11.153846153846153,1049.0,87.75
671,Amari Cooper,DAL,WR,130.0,92.0,6.0,14.0,0.0,1114.0,5.0,145.0,15,9.066666666666666,5.0,1128.0,9.666666666666666,1179.0,124.96323529411765
674,CeeDee Lamb,DAL,WR,111.0,74.0,10.0,82.0,1.0,935.0,5.0,144.0,14,8.642857142857142,6.0,1017.0,10.285714285714286,1060.0,118.36363636363637
681,Nelson Agholor,LVR,WR,82.0,48.0,0.0,0.0,0.0,896.0,8.0,138.0,13,6.3076923076923075,8.0,896.0,10.615384615384615,928.0,143.3170731707317
682,JuJu Smith-Schuster,PIT,WR,128.0,97.0,0.0,0.0,0.0,831.0,9.0,137.0,14,9.142857142857142,9.0,831.0,9.785714285714286,888.5,91.875
683,Terry McLaurin,WAS,WR,134.0,87.0,2.0,30.0,0.0,1118.0,4.0,137.0,15,9.066666666666666,4.0,1148.0,9.133333333333333,1195.5,127.05882352941177
685,Will Fuller,HOU,WR,75.0,53.0,1.0,0.0,0.0,879.0,8.0,136.0,11,6.909090909090909,8.0,879.0,12.363636363636363,913.5,128.3815789473684
687,Curtis Samuel,CAR,WR,97.0,77.0,41.0,200.0,2.0,851.0,3.0,135.0,5,27.6,5.0,1051.0,27.0,1094.5,38.26086956521739
689,Diontae Johnson,PIT,WR,144.0,88.0,3.0,15.0,0.0,923.0,7.0,134.0,13,11.307692307692308,7.0,938.0,10.307692307692308,989.0,83.57142857142857
691,Robby Anderson,CAR,WR,136.0,95.0,4.0,15.0,0.0,1096.0,3.0,129.0,16,8.75,3.0,1111.0,8.0625,1161.5,127.31428571428572
693,Tee Higgins,CIN,WR,108.0,67.0,5.0,28.0,0.0,908.0,6.0,128.0,14,8.071428571428571,6.0,936.0,9.142857142857142,975.5,116.70796460176992
720,Cole Beasley,BUF,WR,107.0,82.0,0.0,0.0,0.0,967.0,4.0,126.0,10,10.7,4.0,967.0,12.6,1012.0,90.74766355140187
721,Corey Davis,TEN,WR,92.0,65.0,0.0,0.0,0.0,984.0,5.0,126.0,12,7.666666666666667,5.0,984.0,10.5,1021.5,129.0
722,Chris Godwin,TAM,WR,84.0,65.0,0.0,0.0,0.0,840.0,7.0,126.0,12,7.0,7.0,840.0,10.5,879.5,121.0
723,Brandon Aiyuk,SFO,WR,96.0,60.0,6.0,77.0,2.0,748.0,5.0,125.0,11,9.272727272727273,7.0,825.0,11.363636363636363,862.0,89.72549019607843
724,Marquise Brown,BAL,WR,100.0,58.0,1.0,1.0,0.0,769.0,8.0,125.0,14,7.214285714285714,8.0,770.0,8.928571428571429,807.0,107.84158415841584
727,Cooper Kupp,LAR,WR,124.0,92.0,4.0,33.0,0.0,974.0,3.0,117.0,12,10.666666666666666,3.0,1007.0,9.75,1056.0,94.6875
729,Jarvis Landry,CLE,WR,101.0,72.0,4.0,10.0,1.0,840.0,3.0,116.0,14,7.5,4.0,850.0,8.285714285714286,890.0,113.86666666666666
732,Tyler Boyd,CIN,WR,110.0,79.0,5.0,49.0,0.0,841.0,4.0,114.0,8,14.375,4.0,890.0,14.25,933.5,62.19130434782609
733,Michael Gallup,DAL,WR,105.0,59.0,0.0,0.0,0.0,843.0,5.0,114.0,15,7.0,5.0,843.0,7.6,877.5,121.14285714285714
735,Jamison Crowder,NYJ,WR,89.0,59.0,1.0,14.0,0.0,699.0,6.0,113.0,7,12.857142857142858,6.0,713.0,16.142857142857142,748.5,55.92222222222222
741,Tim Patrick,DEN,WR,79.0,51.0,0.0,0.0,0.0,742.0,6.0,110.0,15,5.266666666666667,6.0,742.0,7.333333333333333,773.5,142.0253164556962
742,Russell Gage,ATL,WR,109.0,72.0,2.0,9.0,0.0,786.0,4.0,109.0,8,13.875,4.0,795.0,13.625,835.0,57.585585585585584
743,T.Y. Hilton,IND,WR,93.0,56.0,0.0,0.0,0.0,762.0,5.0,108.0,15,6.2,5.0,762.0,7.2,795.0,123.70967741935483
745,Jerry Jeudy,DEN,WR,113.0,52.0,0.0,0.0,0.0,856.0,3.0,106.0,14,8.071428571428571,3.0,856.0,7.571428571428571,885.0,106.42477876106194
747,Mike Williams,LAC,WR,85.0,48.0,1.0,1.0,0.0,756.0,5.0,106.0,11,7.818181818181818,5.0,757.0,9.636363636363637,786.0,97.46511627906976
749,Emmanuel Sanders,NOR,WR,82.0,61.0,1.0,12.0,0.0,726.0,5.0,104.0,5,16.6,5.0,738.0,20.8,773.5,44.75903614457831
750,Marquez Valdes-Scantling,GNB,WR,63.0,33.0,4.0,13.0,0.0,690.0,6.0,104.0,12,5.583333333333333,6.0,703.0,8.666666666666666,725.5,126.98507462686568
751,DeVante Parker,MIA,WR,103.0,63.0,0.0,0.0,0.0,793.0,4.0,103.0,11,9.363636363636363,4.0,793.0,9.363636363636363,828.5,85.11650485436894
752,Gabriel Davis,BUF,WR,62.0,35.0,1.0,0.0,0.0,599.0,7.0,102.0,11,5.7272727272727275,7.0,599.0,9.272727272727273,623.5,105.80952380952381
753,DJ Chark,JAX,WR,93.0,53.0,0.0,0.0,0.0,706.0,5.0,101.0,12,7.75,5.0,706.0,8.416666666666666,737.5,91.74193548387096
754,Keelan Cole,JAX,WR,88.0,55.0,1.0,2.0,0.0,642.0,5.0,100.0,5,17.8,5.0,644.0,20.0,676.5,36.460674157303366
755,Laviska Shenault Jr.,JAX,WR,79.0,58.0,18.0,91.0,0.0,600.0,5.0,99.0,12,8.083333333333334,5.0,691.0,8.25,725.0,86.10309278350515
756,Christian Kirk,ARI,WR,79.0,48.0,2.0,3.0,0.0,621.0,6.0,98.0,10,8.1,6.0,624.0,9.8,654.0,77.77777777777779
757,Sterling Shepard,NYG,WR,90.0,66.0,6.0,49.0,1.0,656.0,3.0,97.0,12,8.0,4.0,705.0,8.083333333333334,742.0,88.625
760,Julio Jones,ATL,WR,68.0,51.0,0.0,0.0,0.0,771.0,3.0,95.0,9,7.555555555555555,3.0,771.0,10.555555555555555,799.5,102.44117647058823
762,Zach Pascal,IND,WR,71.0,44.0,0.0,0.0,0.0,629.0,5.0,93.0,14,5.071428571428571,5.0,629.0,6.642857142857143,656.0,125.01408450704226
765,Darnell Mooney,CHI,WR,98.0,61.0,4.0,20.0,0.0,631.0,4.0,91.0,9,11.333333333333334,4.0,651.0,10.11111111111111,685.5,57.79411764705882
766,Darius Slayton,NYG,WR,96.0,50.0,2.0,-1.0,0.0,751.0,3.0,91.0,15,6.533333333333333,3.0,750.0,6.066666666666666,778.0,115.25510204081633
770,Mecole Hardman,KAN,WR,62.0,41.0,4.0,31.0,0.0,560.0,4.0,87.0,8,8.25,4.0,591.0,10.875,615.5,72.12121212121212
777,Rashard Higgins,CLE,WR,52.0,37.0,0.0,0.0,0.0,599.0,4.0,84.0,6,8.666666666666666,4.0,599.0,14.0,621.5,69.57692307692308
778,Jakobi Meyers,NWE,WR,81.0,59.0,2.0,9.0,0.0,729.0,0.0,84.0,9,9.222222222222221,0.0,738.0,9.333333333333334,767.5,80.02409638554218
779,David Moore,SEA,WR,47.0,35.0,8.0,61.0,0.0,417.0,6.0,84.0,6,9.166666666666666,6.0,478.0,14.0,501.5,52.800000000000004
783,Kendrick Bourne,SFO,WR,74.0,49.0,0.0,0.0,0.0,667.0,2.0,81.0,5,14.8,2.0,667.0,16.2,693.5,45.2027027027027
784,Greg Ward,PHI,WR,79.0,53.0,2.0,-4.0,0.0,419.0,6.0,80.0,10,8.1,6.0,415.0,8.0,447.5,51.97530864197531
787,Travis Fulgham,PHI,WR,67.0,38.0,0.0,0.0,0.0,539.0,4.0,78.0,8,8.375,4.0,539.0,9.75,562.0,64.83582089552239
789,Hunter Renfrow,LVR,WR,77.0,56.0,0.0,0.0,0.0,656.0,2.0,76.0,6,12.833333333333334,2.0,656.0,12.666666666666666,686.0,51.27272727272727
792,Antonio Brown,TAM,WR,62.0,45.0,2.0,-2.0,0.0,483.0,4.0,72.0,4,16.0,4.0,481.0,18.0,507.5,30.3125
793,Josh Reynolds,LAR,WR,81.0,52.0,1.0,5.0,0.0,618.0,2.0,72.0,13,6.3076923076923075,2.0,623.0,5.538461538461538,651.0,99.08536585365854
798,Isaiah McKenzie,BUF,WR,34.0,30.0,10.0,9.0,0.0,282.0,5.0,70.0,7,6.285714285714286,5.0,291.0,10.0,311.0,47.09090909090909
799,Scott Miller,TAM,WR,53.0,33.0,3.0,14.0,0.0,501.0,3.0,70.0,5,11.2,3.0,515.0,14.0,534.5,46.25
801,Jalen Guyton,LAC,WR,55.0,28.0,2.0,0.0,0.0,511.0,3.0,69.0,9,6.333333333333333,3.0,511.0,7.666666666666667,528.0,81.15789473684211
803,Breshad Perriman,NYJ,WR,60.0,30.0,1.0,6.0,0.0,505.0,3.0,69.0,12,5.083333333333333,3.0,511.0,5.75,529.0,101.11475409836066
805,Tre'Quan Smith,NOR,WR,50.0,34.0,1.0,3.0,0.0,448.0,4.0,69.0,10,5.1,4.0,451.0,6.9,472.0,89.2156862745098
806,James Washington,PIT,WR,56.0,30.0,0.0,0.0,0.0,392.0,5.0,69.0,7,8.0,5.0,392.0,9.857142857142858,412.0,49.625
807,Damiere Byrd,NWE,WR,77.0,47.0,2.0,15.0,0.0,604.0,1.0,68.0,14,5.642857142857143,1.0,619.0,4.857142857142857,643.5,109.87341772151898
814,Allen Lazard,GNB,WR,46.0,33.0,2.0,17.0,0.0,451.0,3.0,65.0,9,5.333333333333333,3.0,468.0,7.222222222222222,487.5,88.3125
816,Odell Beckham Jr.,CLE,WR,43.0,23.0,3.0,72.0,1.0,319.0,3.0,64.0,7,6.571428571428571,4.0,391.0,9.142857142857142,406.5,60.108695652173914
817,John Brown,BUF,WR,52.0,33.0,0.0,0.0,0.0,458.0,3.0,64.0,8,6.5,3.0,458.0,8.0,477.5,70.92307692307692
819,A.J. Green,CIN,WR,104.0,47.0,0.0,0.0,0.0,523.0,2.0,64.0,14,7.428571428571429,2.0,523.0,4.571428571428571,548.5,70.67307692307692
821,Demarcus Robinson,KAN,WR,59.0,45.0,0.0,0.0,0.0,466.0,3.0,63.0,9,6.555555555555555,3.0,466.0,7.0,491.5,71.54237288135593
822,Randall Cobb,HOU,WR,48.0,38.0,0.0,0.0,0.0,441.0,3.0,62.0,2,24.0,3.0,441.0,31.0,463.0,18.5
824,Willie Snead,BAL,WR,48.0,33.0,0.0,0.0,0.0,432.0,3.0,61.0,8,6.0,3.0,432.0,7.625,451.5,72.5
825,Danny Amendola,DET,WR,69.0,46.0,1.0,2.0,0.0,602.0,0.0,60.0,5,14.0,0.0,604.0,12.0,627.0,43.142857142857146
826,Braxton Berrios,NYJ,WR,55.0,37.0,3.0,29.0,0.0,394.0,3.0,60.0,2,29.0,3.0,423.0,30.0,444.5,14.689655172413794
827,KJ Hamler,DEN,WR,56.0,30.0,9.0,40.0,0.0,381.0,3.0,60.0,4,16.25,3.0,421.0,15.0,439.0,26.092307692307692
828,Tyron Johnson,LAC,WR,26.0,20.0,3.0,17.0,0.0,398.0,3.0,60.0,0,inf,3.0,415.0,inf,428.0,0.0
829,Anthony Miller,CHI,WR,76.0,49.0,2.0,12.0,0.0,485.0,2.0,60.0,6,13.0,2.0,497.0,10.0,523.5,38.38461538461539
832,Michael Pittman Jr.,IND,WR,61.0,40.0,3.0,26.0,0.0,503.0,1.0,59.0,8,8.0,1.0,529.0,7.375,550.0,66.25
835,Henry Ruggs III,LVR,WR,43.0,26.0,9.0,49.0,0.0,452.0,2.0,58.0,12,4.333333333333333,2.0,501.0,4.833333333333333,516.0,116.07692307692308
836,Chris Conley,JAX,WR,63.0,40.0,0.0,0.0,0.0,471.0,2.0,57.0,4,15.75,2.0,471.0,14.25,493.0,30.03174603174603
837,Preston Williams,MIA,WR,35.0,18.0,0.0,0.0,0.0,288.0,4.0,57.0,7,5.0,4.0,288.0,8.142857142857142,301.0,58.4
839,Jalen Reagor,PHI,WR,54.0,31.0,4.0,26.0,0.0,396.0,1.0,56.0,11,5.2727272727272725,1.0,422.0,5.090909090909091,438.5,80.22413793103449
844,Keke Coutee,HOU,WR,40.0,33.0,0.0,0.0,0.0,400.0,3.0,54.0,4,10.0,3.0,400.0,13.5,419.5,40.3
845,Cam Sims,WAS,WR,48.0,32.0,1.0,5.0,0.0,477.0,1.0,54.0,10,4.9,1.0,482.0,5.4,499.0,98.57142857142857
849,Golden Tate,NYG,WR,52.0,35.0,0.0,0.0,0.0,388.0,2.0,52.0,4,13.0,2.0,388.0,13.0,407.5,30.0
851,Miles Boykin,BAL,WR,33.0,19.0,0.0,0.0,0.0,266.0,4.0,51.0,13,2.5384615384615383,4.0,266.0,3.923076923076923,279.5,106.36363636363637
852,Jakeem Grant,MIA,WR,54.0,36.0,3.0,20.0,0.0,373.0,1.0,51.0,4,14.25,1.0,393.0,12.75,412.0,27.649122807017545
854,Sammy Watkins,KAN,WR,55.0,37.0,1.0,3.0,0.0,421.0,2.0,50.0,9,6.222222222222222,2.0,424.0,5.555555555555555,444.5,68.46428571428571
857,Cordarrelle Patterson,CHI,WR,25.0,21.0,64.0,232.0,1.0,132.0,0.0,48.0,3,29.666666666666668,1.0,364.0,16.0,375.5,12.303370786516853
858,Deebo Samuel,SFO,WR,44.0,33.0,8.0,26.0,0.0,391.0,1.0,48.0,5,10.4,1.0,417.0,9.6,434.5,40.19230769230769
860,Quintez Cephus,DET,WR,35.0,20.0,0.0,0.0,0.0,349.0,2.0,47.0,2,17.5,2.0,349.0,23.5,361.0,20.057142857142857
862,Larry Fitzgerald,ARI,WR,72.0,54.0,0.0,0.0,0.0,409.0,1.0,47.0,13,5.538461538461538,1.0,409.0,3.6153846153846154,437.0,74.02777777777779
867,Kenny Golladay,DET,WR,32.0,20.0,0.0,0.0,0.0,338.0,2.0,46.0,5,6.4,2.0,338.0,9.2,350.0,53.125
871,Donovan Peoples-Jones,CLE,WR,20.0,14.0,0.0,0.0,0.0,304.0,2.0,44.0,2,10.0,2.0,304.0,22.0,313.0,30.6
872,Michael Thomas,NOR,WR,55.0,40.0,1.0,1.0,0.0,438.0,0.0,44.0,5,11.2,0.0,439.0,8.8,459.0,39.19642857142858
876,Marvin Hall,2TM,WR,32.0,18.0,1.0,1.0,0.0,302.0,2.0,42.0,6,5.5,2.0,303.0,7.0,314.0,55.45454545454545
879,N'Keal Harry,NWE,WR,57.0,33.0,2.0,0.0,0.0,309.0,2.0,41.0,9,6.555555555555555,2.0,309.0,4.555555555555555,327.5,47.440677966101696
881,Richie James,SFO,WR,35.0,23.0,0.0,0.0,0.0,394.0,1.0,41.0,7,5.0,1.0,394.0,5.857142857142857,406.5,79.0
882,Collin Johnson,JAX,WR,31.0,18.0,0.0,0.0,0.0,272.0,2.0,41.0,0,inf,2.0,272.0,inf,283.0,0.0
886,DaeSean Hamilton,DEN,WR,44.0,23.0,0.0,0.0,0.0,293.0,2.0,39.0,2,22.0,2.0,293.0,19.5,306.5,13.409090909090908
891,Denzel Mims,NYJ,WR,44.0,23.0,0.0,0.0,0.0,357.0,0.0,38.0,8,5.5,0.0,357.0,4.75,368.5,64.9090909090909
896,Julian Edelman,NWE,WR,39.0,21.0,2.0,22.0,0.0,315.0,0.0,35.0,1,41.0,0.0,337.0,35.0,347.5,8.21951219512195
897,Adam Humphries,TEN,WR,35.0,23.0,0.0,0.0,0.0,228.0,2.0,35.0,1,35.0,2.0,228.0,35.0,241.5,6.571428571428571
898,Cedrick Wilson Jr.,DAL,WR,28.0,17.0,3.0,-12.0,0.0,189.0,2.0,35.0,0,inf,2.0,177.0,inf,187.5,0.0
899,Andy Isabella,ARI,WR,35.0,21.0,1.0,-6.0,0.0,224.0,2.0,34.0,2,18.0,2.0,218.0,17.0,230.5,12.222222222222221
903,Devin Duvernay,BAL,WR,26.0,20.0,4.0,70.0,0.0,201.0,0.0,33.0,3,10.0,0.0,271.0,11.0,281.0,27.1
907,Olamide Zaccheaus,ATL,WR,32.0,20.0,1.0,0.0,0.0,274.0,1.0,33.0,2,16.5,1.0,274.0,16.5,285.0,16.666666666666668
912,DeSean Jackson,PHI,WR,26.0,14.0,1.0,12.0,0.0,236.0,1.0,31.0,5,5.4,1.0,248.0,6.2,256.0,46.11111111111111
913,Chad Beebe,MIN,WR,30.0,20.0,0.0,0.0,0.0,201.0,2.0,30.0,0,inf,2.0,201.0,inf,213.0,0.0
915,Chad Hansen,HOU,WR,24.0,17.0,0.0,0.0,0.0,236.0,1.0,30.0,2,12.0,1.0,236.0,15.0,245.5,19.75
919,Steven Sims,WAS,WR,37.0,27.0,1.0,18.0,0.0,265.0,1.0,30.0,2,19.0,1.0,283.0,15.0,297.5,14.947368421052632
921,Tyler Johnson,TAM,WR,17.0,12.0,0.0,0.0,0.0,169.0,2.0,29.0,3,5.666666666666667,2.0,169.0,9.666666666666666,177.0,30.176470588235293
924,Isaiah Ford,MIA,WR,44.0,28.0,0.0,0.0,0.0,276.0,0.0,28.0,1,44.0,0.0,276.0,28.0,290.0,6.2727272727272725
925,Deonte Harris,NOR,WR,25.0,20.0,6.0,51.0,0.0,186.0,1.0,28.0,2,15.5,1.0,237.0,14.0,248.0,15.35483870967742
926,Dontrelle Inman,WAS,WR,28.0,18.0,0.0,0.0,0.0,163.0,2.0,28.0,2,14.0,2.0,163.0,14.0,174.0,11.785714285714286
927,Van Jefferson,LAR,WR,31.0,19.0,1.0,-1.0,0.0,220.0,1.0,28.0,0,inf,1.0,219.0,inf,229.5,0.0
929,Byron Pringle,KAN,WR,17.0,13.0,0.0,0.0,0.0,160.0,1.0,28.0,3,5.666666666666667,1.0,160.0,9.333333333333334,167.5,28.41176470588235
931,Freddie Swain,SEA,WR,21.0,13.0,0.0,0.0,0.0,159.0,2.0,28.0,1,21.0,2.0,159.0,28.0,167.5,7.666666666666667
933,Mohamed Sanu,2TM,WR,24.0,17.0,1.0,3.0,0.0,187.0,1.0,27.0,4,6.25,1.0,190.0,6.75,199.5,30.56
935,Marcus Johnson,IND,WR,28.0,14.0,0.0,0.0,0.0,255.0,0.0,26.0,3,9.333333333333334,0.0,255.0,8.666666666666666,262.0,27.32142857142857
941,Bryan Edwards,LVR,WR,15.0,11.0,0.0,0.0,0.0,193.0,1.0,25.0,3,5.0,1.0,193.0,8.333333333333334,199.5,38.8
948,Zay Jones,LVR,WR,20.0,14.0,0.0,0.0,0.0,154.0,1.0,23.0,2,10.0,1.0,154.0,11.5,162.0,15.5
953,Mack Hollins,MIA,WR,25.0,16.0,0.0,0.0,0.0,176.0,1.0,22.0,2,12.5,1.0,176.0,11.0,185.0,14.16
955,Marquez Callaway,NOR,WR,27.0,21.0,0.0,0.0,0.0,213.0,0.0,21.0,3,9.0,0.0,213.0,7.0,223.5,23.666666666666668
956,Olabisi Johnson,MIN,WR,19.0,14.0,0.0,0.0,0.0,189.0,0.0,21.0,3,6.333333333333333,0.0,189.0,7.0,196.0,29.842105263157897
957,Gunner Olszewski+,NWE,WR,5.0,5.0,5.0,23.0,0.0,62.0,1.0,21.0,2,5.0,1.0,85.0,10.5,88.5,17.2
961,Kenny Stills,HOU,WR,19.0,11.0,0.0,0.0,0.0,144.0,1.0,20.0,0,inf,1.0,144.0,inf,150.5,0.0
964,John Hightower,PHI,WR,29.0,10.0,1.0,1.0,0.0,167.0,0.0,19.0,4,7.5,0.0,168.0,4.75,173.0,22.4
966,Isaiah Wright,WAS,WR,35.0,27.0,3.0,16.0,0.0,197.0,0.0,19.0,6,6.333333333333333,0.0,213.0,3.1666666666666665,226.5,33.631578947368425
967,Cameron Batson,TEN,WR,13.0,12.0,4.0,20.0,0.0,100.0,1.0,18.0,1,17.0,1.0,120.0,18.0,127.0,7.117647058823529
969,KhaDarel Hodge,CLE,WR,17.0,11.0,0.0,0.0,0.0,180.0,0.0,18.0,0,inf,0.0,180.0,inf,185.5,0.0
971,Alshon Jeffery,PHI,WR,13.0,6.0,0.0,0.0,0.0,115.0,1.0,18.0,2,6.5,1.0,115.0,9.0,119.0,17.846153846153847
975,Brandon Powell,ATL,WR,18.0,12.0,2.0,7.0,0.0,69.0,2.0,18.0,1,20.0,2.0,76.0,18.0,84.0,3.9
976,Kalif Raymond,TEN,WR,15.0,9.0,1.0,-3.0,0.0,187.0,0.0,18.0,3,5.333333333333333,0.0,184.0,6.0,188.5,34.5
978,Equanimeous St. Brown,GNB,WR,13.0,7.0,1.0,7.0,0.0,117.0,1.0,18.0,1,14.0,1.0,124.0,18.0,128.5,8.928571428571429
980,JJ Arcega-Whiteside,PHI,WR,8.0,4.0,0.0,0.0,0.0,85.0,0.0,17.0,0,inf,0.0,85.0,inf,87.0,0.0
981,Dez Bryant,BAL,WR,11.0,6.0,0.0,0.0,0.0,47.0,2.0,17.0,0,inf,2.0,47.0,inf,52.0,0.0
983,KeeSean Johnson,ARI,WR,23.0,15.0,0.0,0.0,0.0,173.0,0.0,17.0,1,23.0,0.0,173.0,17.0,180.5,7.521739130434782
985,Jeff Smith,NYJ,WR,37.0,17.0,0.0,0.0,0.0,167.0,0.0,17.0,4,9.25,0.0,167.0,4.25,175.5,18.054054054054053
987,Mike Thomas,CIN,WR,21.0,13.0,1.0,1.0,0.0,132.0,1.0,17.0,0,inf,1.0,133.0,inf,140.5,0.0
988,Laquon Treadwell,ATL,WR,7.0,6.0,0.0,0.0,0.0,49.0,2.0,17.0,0,inf,2.0,49.0,inf,54.0,0.0
989,Quez Watkins,PHI,WR,13.0,7.0,0.0,0.0,0.0,106.0,1.0,17.0,0,inf,1.0,106.0,inf,110.5,0.0
991,Jamal Agnew,DET,WR,20.0,13.0,6.0,33.0,0.0,89.0,0.0,16.0,2,13.0,0.0,122.0,8.0,128.5,9.384615384615385
992,Noah Brown,DAL,WR,24.0,14.0,1.0,4.0,0.0,154.0,0.0,16.0,1,25.0,0.0,158.0,16.0,165.0,6.32
996,Lee Smith,BUF,WR,6.0,4.0,0.0,0.0,0.0,35.0,2.0,16.0,2,3.0,2.0,35.0,8.0,39.0,12.333333333333334
1005,Auden Tate,CIN,WR,22.0,14.0,0.0,0.0,0.0,150.0,0.0,15.0,2,11.0,0.0,150.0,7.5,157.0,13.636363636363637
1008,Christian Blake,ATL,WR,18.0,13.0,0.0,0.0,0.0,141.0,0.0,14.0,0,inf,0.0,141.0,inf,147.5,0.0
1011,Geoff Swaim,TEN,WR,12.0,9.0,0.0,0.0,0.0,83.0,1.0,14.0,8,1.5,1.0,83.0,1.75,88.5,56.0
1012,Malik Taylor,GNB,WR,6.0,5.0,1.0,9.0,0.0,66.0,1.0,14.0,1,7.0,1.0,75.0,14.0,78.5,10.857142857142858
1014,De'Michael Harris,IND,WR,10.0,10.0,6.0,46.0,0.0,79.0,0.0,13.0,0,inf,0.0,125.0,inf,130.0,0.0
1023,Chris Hogan,NYJ,WR,26.0,14.0,0.0,0.0,0.0,118.0,0.0,12.0,4,6.5,0.0,118.0,3.0,125.0,18.153846153846153
1025,Ray-Ray McCloud,PIT,WR,22.0,20.0,4.0,65.0,0.0,77.0,0.0,12.0,2,13.0,0.0,142.0,6.0,152.0,10.923076923076923
1026,Dante Pettis,2TM,WR,6.0,4.0,0.0,0.0,0.0,76.0,1.0,12.0,1,6.0,1.0,76.0,12.0,79.0,12.833333333333334
1031,Alex Erickson,CIN,WR,17.0,12.0,5.0,7.0,0.0,139.0,0.0,11.0,2,11.0,0.0,146.0,5.5,152.0,13.272727272727273
1034,Lil'Jordan Humphrey,NOR,WR,5.0,3.0,0.0,0.0,0.0,46.0,1.0,11.0,1,5.0,1.0,46.0,11.0,48.5,9.4
1037,Diontae Spencer,DEN,WR,6.0,3.0,3.0,19.0,0.0,26.0,0.0,11.0,0,inf,0.0,45.0,inf,46.5,0.0
1039,Javon Wims,CHI,WR,12.0,6.0,1.0,2.0,0.0,48.0,1.0,11.0,1,13.0,1.0,50.0,11.0,54.0,3.923076923076923
1041,C.J. Board,NYG,WR,16.0,11.0,1.0,3.0,0.0,101.0,0.0,10.0,4,4.25,0.0,104.0,2.5,109.5,24.470588235294116
1044,Brandon Zylstra,CAR,WR,4.0,3.0,1.0,1.0,0.0,35.0,0.0,10.0,2,2.5,0.0,36.0,5.0,37.5,14.4
1047,Parris Campbell,IND,WR,9.0,6.0,2.0,16.0,0.0,71.0,0.0,9.0,2,5.5,0.0,87.0,4.5,90.0,15.818181818181818
1048,Austin Carr,NOR,WR,4.0,3.0,0.0,0.0,0.0,27.0,1.0,9.0,0,inf,1.0,27.0,inf,29.5,0.0
1052,Austin Mack,NYG,WR,11.0,7.0,0.0,0.0,0.0,91.0,0.0,9.0,1,11.0,0.0,91.0,9.0,94.5,8.272727272727273
1055,Joe Reed,LAC,WR,1.0,0.0,5.0,29.0,1.0,0.0,0.0,9.0,0,inf,1.0,29.0,inf,30.0,0.0
1056,Trent Taylor,SFO,WR,21.0,10.0,0.0,0.0,0.0,86.0,0.0,9.0,1,21.0,0.0,86.0,9.0,91.0,4.095238095238095
1059,Justin Watson,TAM,WR,11.0,7.0,0.0,0.0,0.0,94.0,0.0,9.0,2,5.5,0.0,94.0,4.5,97.5,17.09090909090909
1062,Jake Kumerow,BUF,WR,1.0,1.0,0.0,0.0,0.0,22.0,1.0,8.0,0,inf,1.0,22.0,inf,23.5,0.0
1066,Pharoh Cooper,CAR,WR,8.0,5.0,0.0,0.0,0.0,73.0,0.0,7.0,1,8.0,0.0,73.0,7.0,75.5,9.125
1072,Courtland Sutton,DEN,WR,6.0,3.0,0.0,0.0,0.0,66.0,0.0,7.0,1,6.0,0.0,66.0,7.0,67.5,11.0
1075,Ja'Marcus Bradley,CLE,WR,11.0,5.0,0.0,0.0,0.0,60.0,0.0,6.0,1,11.0,0.0,60.0,6.0,62.5,5.454545454545454
1076,Tyrie Cleveland,DEN,WR,9.0,6.0,0.0,0.0,0.0,63.0,0.0,6.0,0,inf,0.0,63.0,inf,66.0,0.0
1078,Ashton Dulin,IND,WR,6.0,3.0,2.0,11.0,0.0,53.0,0.0,6.0,0,inf,0.0,64.0,inf,65.5,0.0
1080,Jaydon Mickens,TAM,WR,10.0,7.0,0.0,0.0,0.0,58.0,0.0,6.0,0,inf,0.0,58.0,inf,61.5,0.0
1081,Steven Mitchell,HOU,WR,8.0,5.0,0.0,0.0,0.0,60.0,0.0,6.0,1,8.0,0.0,60.0,6.0,62.5,7.5
1082,Damion Ratley,NYG,WR,10.0,4.0,0.0,0.0,0.0,63.0,0.0,6.0,0,inf,0.0,63.0,inf,65.0,0.0
1091,K.J. Hill,LAC,WR,11.0,7.0,0.0,0.0,0.0,73.0,0.0,5.0,0,inf,0.0,73.0,inf,76.5,0.0
1094,Trent Sherfield,ARI,WR,7.0,5.0,0.0,0.0,0.0,50.0,0.0,5.0,1,7.0,0.0,50.0,5.0,52.5,7.142857142857143
1096,Nick Westbrook-Ikhine,TEN,WR,8.0,3.0,0.0,0.0,0.0,33.0,0.0,5.0,1,8.0,0.0,33.0,5.0,34.5,4.125
1097,Isaiah Zuber,NWE,WR,2.0,2.0,2.0,21.0,0.0,29.0,0.0,5.0,0,inf,0.0,50.0,inf,51.0,0.0
1100,Lawrence Cager,NYJ,WR,6.0,2.0,0.0,0.0,0.0,35.0,0.0,4.0,1,6.0,0.0,35.0,4.0,36.0,5.833333333333333
1101,River Cracraft,SFO,WR,9.0,6.0,0.0,0.0,0.0,41.0,0.0,4.0,1,9.0,0.0,41.0,4.0,44.0,4.555555555555555
1102,Robert Foster,WAS,WR,6.0,2.0,0.0,0.0,0.0,37.0,0.0,4.0,2,3.0,0.0,37.0,2.0,38.0,12.333333333333334
1103,Ted Ginn Jr.,CHI,WR,6.0,3.0,0.0,0.0,0.0,40.0,0.0,4.0,0,inf,0.0,40.0,inf,41.5,0.0
1104,Terry Godwin,JAX,WR,6.0,3.0,1.0,3.0,0.0,32.0,0.0,4.0,0,inf,0.0,35.0,inf,36.5,0.0
1106,Juwan Johnson,NOR,WR,10.0,4.0,0.0,0.0,0.0,39.0,0.0,4.0,4,2.5,0.0,39.0,1.0,41.0,15.6
1110,Riley Ridley,CHI,WR,4.0,4.0,0.0,0.0,0.0,39.0,0.0,4.0,1,4.0,0.0,39.0,4.0,41.0,9.75
1115,Daniel Brown,NYJ,WR,2.0,2.0,0.0,0.0,0.0,31.0,0.0,3.0,1,2.0,0.0,31.0,3.0,32.0,15.5
1118,Antonio Gandy-Golden,WAS,WR,7.0,1.0,1.0,22.0,0.0,3.0,0.0,3.0,2,4.0,0.0,25.0,1.5,25.5,6.25
1122,Josh Malone,NYJ,WR,6.0,4.0,1.0,12.0,0.0,16.0,0.0,3.0,0,inf,0.0,28.0,inf,30.0,0.0
1124,Seth Roberts,CAR,WR,6.0,4.0,0.0,0.0,0.0,31.0,0.0,3.0,1,6.0,0.0,31.0,3.0,33.0,5.166666666666667
1126,Darrius Shepherd,GNB,WR,8.0,5.0,0.0,0.0,0.0,46.0,0.0,3.0,0,inf,0.0,46.0,inf,48.5,0.0
1130,Deontay Burnett,PHI,WR,4.0,3.0,0.0,0.0,0.0,19.0,0.0,2.0,0,inf,0.0,19.0,inf,20.5,0.0
1131,Antonio Callaway,MIA,WR,4.0,2.0,0.0,0.0,0.0,20.0,0.0,2.0,1,4.0,0.0,20.0,2.0,21.0,5.0
1134,Daurice Fountain,IND,WR,3.0,2.0,0.0,0.0,0.0,23.0,0.0,2.0,0,inf,0.0,23.0,inf,24.0,0.0
1135,Penny Hart,SEA,WR,1.0,1.0,1.0,19.0,0.0,3.0,0.0,2.0,0,inf,0.0,22.0,inf,22.5,0.0
1141,Tommylee Lewis,NOR,WR,3.0,1.0,2.0,14.0,0.0,5.0,0.0,2.0,0,inf,0.0,19.0,inf,19.5,0.0
1142,Donte Moncrief,NWE,WR,2.0,1.0,1.0,4.0,0.0,15.0,0.0,2.0,0,inf,0.0,19.0,inf,19.5,0.0
1146,John Ross,CIN,WR,7.0,2.0,0.0,0.0,0.0,17.0,0.0,2.0,1,7.0,0.0,17.0,2.0,18.0,2.4285714285714284
1148,Jaleel Scott,NYJ,WR,1.0,1.0,0.0,0.0,0.0,16.0,0.0,2.0,1,1.0,0.0,16.0,2.0,16.5,16.0
1158,Gehrig Dieter,KAN,WR,2.0,1.0,0.0,0.0,0.0,10.0,0.0,1.0,0,inf,0.0,10.0,inf,10.5,0.0
1161,Bennie Fowler,NOR,WR,6.0,2.0,0.0,0.0,0.0,11.0,0.0,1.0,0,inf,0.0,11.0,inf,12.0,0.0
1164,Cody Hollister,TEN,WR,1.0,1.0,0.0,0.0,0.0,12.0,0.0,1.0,0,inf,0.0,12.0,inf,12.5,0.0
1165,Trenton Irwin,CIN,WR,2.0,1.0,0.0,0.0,0.0,5.0,0.0,1.0,0,inf,0.0,5.0,inf,5.5,0.0
1168,Marcus Kemp,2TM,WR,1.0,1.0,0.0,0.0,0.0,11.0,0.0,1.0,0,inf,0.0,11.0,inf,11.5,0.0
1169,Keith Kirkwood,CAR,WR,2.0,1.0,0.0,0.0,0.0,13.0,0.0,1.0,0,inf,0.0,13.0,inf,13.5,0.0
1174,James Proche,BAL,WR,3.0,1.0,0.0,0.0,0.0,14.0,0.0,1.0,0,inf,0.0,14.0,inf,14.5,0.0
1177,Vyncint Smith,NYJ,WR,3.0,1.0,0.0,0.0,0.0,13.0,0.0,1.0,0,inf,0.0,13.0,inf,13.5,0.0
1185,Tavon Austin,GNB,WR,5.0,5.0,0.0,0.0,0.0,20.0,0.0,,0,inf,0.0,20.0,,22.5,0.0
1216,Jojo Natson,CLE,WR,0.0,0.0,1.0,3.0,0.0,0.0,0.0,,0,inf,0.0,3.0,,3.0,0.0
1239,DeAndre Carter,2TM,WR,2.0,1.0,0.0,0.0,0.0,8.0,0.0,-1.0,0,inf,0.0,8.0,-inf,8.5,0.0
1241,Andre Roberts,BUF,WR,5.0,4.0,1.0,-3.0,0.0,34.0,0.0,-1.0,0,inf,0.0,31.0,-inf,33.0,0.0
1244,Dede Westbrook,JAX,WR,1.0,1.0,0.0,0.0,0.0,4.0,0.0,-2.0,0,inf,0.0,4.0,-inf,4.5,0.0
1245,Kendall Hinton,DEN,WR,0.0,0.0,2.0,7.0,0.0,0.0,0.0,-3.0,0,inf,0.0,7.0,-inf,7.0,0.0
1247,Cooper Kupp,LAR,WR,191.0,145.0,4.0,18.0,0.0,1947.0,16.0,295.0,17,11.470588235294118,16.0,1965.0,17.352941176470587,2053.5,172.7025641025641
1248,Deebo Samuel,SFO,WR,121.0,77.0,59.0,365.0,8.0,1405.0,6.0,262.0,15,12.0,14.0,1770.0,17.466666666666665,1822.5,148.66666666666666
1254,Ja'Marr Chase,CIN,WR,128.0,81.0,7.0,21.0,0.0,1455.0,13.0,224.0,17,7.9411764705882355,13.0,1476.0,13.176470588235293,1529.5,187.5037037037037
1255,Justin Jefferson,MIN,WR,167.0,108.0,6.0,14.0,0.0,1616.0,10.0,222.0,17,10.176470588235293,10.0,1630.0,13.058823529411764,1694.0,161.15606936416185
1257,Davante Adams,GNB,WR,169.0,123.0,0.0,0.0,0.0,1553.0,11.0,221.0,16,10.5625,11.0,1553.0,13.8125,1625.5,148.07100591715977
1262,Mike Evans,TAM,WR,114.0,74.0,1.0,10.0,0.0,1035.0,14.0,189.0,16,7.1875,14.0,1045.0,11.8125,1096.0,147.33913043478262
1264,Tyreek Hill,KAN,WR,159.0,111.0,9.0,96.0,0.0,1239.0,9.0,186.0,16,10.5,9.0,1335.0,11.625,1399.5,128.0
1266,Stefon Diggs,BUF,WR,164.0,103.0,0.0,0.0,0.0,1225.0,10.0,183.0,17,9.647058823529411,10.0,1225.0,10.764705882352942,1286.5,128.01829268292684
1270,Mike Williams,LAC,WR,129.0,76.0,0.0,0.0,0.0,1146.0,9.0,171.0,14,9.214285714285714,9.0,1146.0,12.214285714285714,1193.0,125.34883720930233
1271,D.K. Metcalf,SEA,WR,129.0,75.0,1.0,6.0,0.0,967.0,12.0,169.0,17,7.647058823529412,12.0,973.0,9.941176470588236,1022.5,128.8076923076923
1272,Tyler Lockett,SEA,WR,107.0,73.0,2.0,9.0,0.0,1175.0,8.0,168.0,16,6.8125,8.0,1184.0,10.5,1228.5,174.9724770642202
1275,Diontae Johnson,PIT,WR,169.0,107.0,5.0,53.0,0.0,1161.0,8.0,167.0,14,12.428571428571429,8.0,1214.0,11.928571428571429,1275.5,98.32183908045977
1283,Hunter Renfrow,LVR,WR,128.0,103.0,3.0,3.0,0.0,1038.0,9.0,156.0,9,14.555555555555555,9.0,1041.0,17.333333333333332,1101.5,72.13740458015268
1284,CeeDee Lamb,DAL,WR,120.0,79.0,9.0,76.0,0.0,1102.0,6.0,154.0,13,9.923076923076923,6.0,1178.0,11.846153846153847,1223.5,119.31782945736434
1288,Keenan Allen,LAC,WR,157.0,106.0,0.0,0.0,0.0,1138.0,6.0,152.0,16,9.8125,6.0,1138.0,9.5,1197.0,116.5859872611465
1290,Michael Pittman Jr.,IND,WR,129.0,88.0,5.0,44.0,0.0,1082.0,6.0,151.0,17,7.882352941176471,6.0,1126.0,8.882352941176471,1176.0,143.61194029850745
1294,Tee Higgins,CIN,WR,110.0,74.0,0.0,0.0,0.0,1091.0,6.0,145.0,14,7.857142857142857,6.0,1091.0,10.357142857142858,1134.0,139.61818181818182
1296,D.J. Moore,CAR,WR,163.0,93.0,8.0,48.0,0.0,1157.0,4.0,145.0,17,10.058823529411764,4.0,1205.0,8.529411764705882,1255.5,120.19298245614036
1297,Chris Godwin,TAM,WR,127.0,98.0,4.0,21.0,1.0,1103.0,5.0,144.0,14,9.357142857142858,6.0,1124.0,10.285714285714286,1179.0,120.76335877862594
1300,Jaylen Waddle,MIA,WR,140.0,104.0,2.0,3.0,1.0,1015.0,6.0,142.0,16,8.875,7.0,1018.0,8.875,1077.0,115.49295774647888
1301,Brandin Cooks,HOU,WR,134.0,90.0,2.0,21.0,0.0,1037.0,6.0,142.0,16,8.5,6.0,1058.0,8.875,1109.0,125.17647058823529
1303,Darnell Mooney,CHI,WR,140.0,81.0,6.0,32.0,1.0,1055.0,4.0,139.0,14,10.428571428571429,5.0,1087.0,9.928571428571429,1132.5,104.71232876712328
1306,Amon-Ra St. Brown,DET,WR,119.0,90.0,7.0,61.0,1.0,912.0,5.0,137.0,9,14.0,6.0,973.0,15.222222222222221,1024.0,69.92857142857143
1308,Terry McLaurin,WAS,WR,130.0,77.0,1.0,12.0,0.0,1053.0,5.0,137.0,17,7.705882352941177,5.0,1065.0,8.058823529411764,1108.5,138.85496183206106
1309,Marquise Brown,BAL,WR,146.0,91.0,1.0,5.0,0.0,1008.0,6.0,135.0,16,9.1875,6.0,1013.0,8.4375,1064.5,110.91156462585035
1310,Amari Cooper,DAL,WR,104.0,68.0,0.0,0.0,0.0,865.0,8.0,135.0,14,7.428571428571429,8.0,865.0,9.642857142857142,907.0,117.51923076923076
1312,Adam Thielen,MIN,WR,95.0,67.0,1.0,2.0,0.0,726.0,10.0,133.0,13,7.384615384615385,10.0,728.0,10.23076923076923,771.5,99.9375
1313,Christian Kirk,ARI,WR,103.0,77.0,1.0,11.0,0.0,982.0,5.0,131.0,11,9.454545454545455,5.0,993.0,11.909090909090908,1036.5,105.5576923076923
1316,Kendrick Bourne,NWE,WR,70.0,55.0,12.0,125.0,0.0,800.0,5.0,126.0,5,16.4,5.0,925.0,25.2,957.5,56.707317073170735
1348,DeVonta Smith,PHI,WR,104.0,64.0,0.0,0.0,0.0,916.0,5.0,122.0,16,6.5,5.0,916.0,7.625,953.0,141.69230769230768
1349,A.J. Brown,TEN,WR,105.0,63.0,2.0,10.0,0.0,869.0,5.0,118.0,13,8.23076923076923,5.0,879.0,9.076923076923077,915.5,107.40186915887851
1352,Van Jefferson,LAR,WR,89.0,50.0,2.0,20.0,0.0,802.0,6.0,118.0,17,5.352941176470588,6.0,822.0,6.9411764705882355,853.0,154.6813186813187
1353,Tyler Boyd,CIN,WR,94.0,67.0,2.0,22.0,0.0,828.0,5.0,117.0,10,9.6,5.0,850.0,11.7,888.5,89.0625
1356,Brandon Aiyuk,SFO,WR,84.0,56.0,5.0,17.0,0.0,826.0,5.0,114.0,16,5.5625,5.0,843.0,7.125,876.0,152.4494382022472
1359,K.J. Osborn,MIN,WR,82.0,50.0,1.0,10.0,0.0,655.0,7.0,109.0,9,9.222222222222221,7.0,665.0,12.11111111111111,697.0,72.86746987951808
1361,Chase Claypool,PIT,WR,105.0,59.0,14.0,96.0,0.0,860.0,2.0,108.0,13,9.153846153846153,2.0,956.0,8.307692307692308,987.5,104.65546218487395
1362,Marvin Jones,JAX,WR,120.0,73.0,0.0,0.0,0.0,832.0,4.0,107.0,16,7.5,4.0,832.0,6.6875,872.5,111.46666666666667
1363,Marquez Callaway,NOR,WR,84.0,46.0,0.0,0.0,0.0,698.0,6.0,106.0,11,7.636363636363637,6.0,698.0,9.636363636363637,727.0,92.19047619047619
1364,DeAndre Hopkins,ARI,WR,64.0,42.0,0.0,0.0,0.0,572.0,8.0,105.0,10,6.4,8.0,572.0,10.5,601.0,90.625
1366,A.J. Green,ARI,WR,92.0,54.0,0.0,0.0,0.0,848.0,3.0,103.0,9,10.222222222222221,3.0,848.0,11.444444444444445,878.0,83.25
1367,Allen Lazard,GNB,WR,60.0,40.0,3.0,32.0,0.0,513.0,8.0,103.0,13,4.846153846153846,8.0,545.0,7.923076923076923,573.0,114.11111111111111
1368,Jakobi Meyers,NWE,WR,126.0,83.0,1.0,9.0,0.0,866.0,2.0,103.0,16,7.9375,2.0,875.0,6.4375,918.5,110.48818897637796
1369,Tim Patrick,DEN,WR,85.0,53.0,0.0,0.0,0.0,734.0,5.0,103.0,16,5.3125,5.0,734.0,6.4375,765.5,139.10588235294117
1370,Cedrick Wilson Jr.,DAL,WR,61.0,45.0,2.0,11.0,0.0,602.0,6.0,103.0,4,15.75,6.0,613.0,25.75,641.5,39.301587301587304
1374,Russell Gage,ATL,WR,94.0,66.0,0.0,0.0,0.0,770.0,4.0,97.0,9,10.444444444444445,4.0,770.0,10.777777777777779,807.0,74.1063829787234
1375,Elijah Moore,NYJ,WR,77.0,43.0,5.0,54.0,1.0,538.0,5.0,95.0,6,13.666666666666666,6.0,592.0,15.833333333333334,619.5,43.75609756097561
1381,Courtland Sutton,DEN,WR,98.0,58.0,0.0,0.0,0.0,776.0,2.0,92.0,16,6.125,2.0,776.0,5.75,807.0,127.0204081632653
1382,Robert Woods,LAR,WR,69.0,45.0,8.0,46.0,1.0,556.0,4.0,92.0,9,8.555555555555555,5.0,602.0,10.222222222222221,629.5,70.94805194805195
1383,Gabriel Davis,BUF,WR,63.0,35.0,0.0,0.0,0.0,549.0,6.0,91.0,4,15.75,6.0,549.0,22.75,572.5,35.23809523809524
1388,Emmanuel Sanders,BUF,WR,72.0,42.0,2.0,31.0,0.0,626.0,4.0,90.0,13,5.6923076923076925,4.0,657.0,6.923076923076923,682.0,116.12162162162161
1391,Robby Anderson,CAR,WR,110.0,53.0,3.0,36.0,0.0,519.0,5.0,86.0,16,7.0625,5.0,555.0,5.375,586.5,79.29203539823008
1395,Odell Beckham Jr.,2TM,WR,82.0,44.0,2.0,14.0,0.0,537.0,5.0,85.0,13,6.461538461538462,5.0,551.0,6.538461538461538,578.0,86.04761904761905
1399,Byron Pringle,KAN,WR,60.0,42.0,0.0,0.0,0.0,568.0,5.0,85.0,5,12.0,5.0,568.0,17.0,594.0,47.75
1403,Kalif Raymond,DET,WR,71.0,48.0,4.0,28.0,0.0,576.0,4.0,84.0,14,5.357142857142857,4.0,604.0,6.0,632.0,113.49333333333334
1407,Mecole Hardman,KAN,WR,83.0,59.0,8.0,46.0,0.0,693.0,2.0,82.0,8,11.375,2.0,739.0,10.25,770.5,65.14285714285714
1411,Jarvis Landry,CLE,WR,87.0,52.0,6.0,40.0,2.0,570.0,2.0,81.0,12,7.75,4.0,610.0,6.75,640.0,79.2258064516129
1412,Antonio Brown,TAM,WR,62.0,42.0,1.0,6.0,0.0,545.0,4.0,79.0,3,21.0,4.0,551.0,26.333333333333332,576.0,26.428571428571427
1416,Cole Beasley,BUF,WR,112.0,82.0,0.0,0.0,0.0,693.0,1.0,77.0,8,14.0,1.0,693.0,9.625,735.0,49.57142857142857
1418,Deonte Harris,NOR,WR,59.0,36.0,5.0,41.0,0.0,570.0,3.0,77.0,1,64.0,3.0,611.0,77.0,632.0,9.59375
1419,Donovan Peoples-Jones,CLE,WR,58.0,34.0,0.0,0.0,0.0,597.0,3.0,76.0,9,6.444444444444445,3.0,597.0,8.444444444444445,617.0,93.10344827586206
1420,Braxton Berrios+,NYJ,WR,65.0,46.0,7.0,40.0,2.0,431.0,2.0,75.0,1,72.0,4.0,471.0,75.0,498.0,6.597222222222222
1421,Bryan Edwards,LVR,WR,59.0,34.0,1.0,0.0,0.0,571.0,3.0,75.0,12,5.0,3.0,571.0,6.25,591.0,114.8
1424,Quez Watkins,PHI,WR,62.0,43.0,1.0,3.0,0.0,647.0,1.0,73.0,12,5.25,1.0,650.0,6.083333333333333,672.5,124.0
1427,Corey Davis,NYJ,WR,59.0,34.0,0.0,0.0,0.0,492.0,4.0,71.0,9,6.555555555555555,4.0,492.0,7.888888888888889,513.0,75.66101694915254
1429,Nick Westbrook-Ikhine,TEN,WR,57.0,38.0,0.0,0.0,0.0,476.0,4.0,70.0,7,8.142857142857142,4.0,476.0,10.0,499.0,58.94736842105264
1431,Nelson Agholor,NWE,WR,64.0,37.0,3.0,11.0,0.0,473.0,3.0,66.0,13,5.153846153846154,3.0,484.0,5.076923076923077,505.5,94.49253731343283
1432,Randall Cobb,GNB,WR,39.0,28.0,1.0,1.0,0.0,375.0,5.0,66.0,3,13.333333333333334,5.0,376.0,22.0,395.0,28.575
1433,Jalen Guyton,LAC,WR,48.0,31.0,7.0,34.0,0.0,448.0,3.0,66.0,2,27.5,3.0,482.0,33.0,500.5,17.636363636363637
1437,DeVante Parker,MIA,WR,73.0,40.0,0.0,0.0,0.0,515.0,2.0,64.0,8,9.125,2.0,515.0,8.0,537.0,56.657534246575345
1438,Laviska Shenault Jr.,JAX,WR,100.0,63.0,11.0,41.0,0.0,619.0,0.0,64.0,10,11.1,0.0,660.0,6.4,691.5,59.45945945945946
1439,DeAndre Carter,WAS,WR,44.0,24.0,10.0,89.0,0.0,296.0,3.0,63.0,6,9.0,3.0,385.0,10.5,400.0,43.111111111111114
1440,Freddie Swain,SEA,WR,40.0,25.0,5.0,32.0,0.0,343.0,4.0,62.0,8,5.625,4.0,375.0,7.75,391.5,67.37777777777778
1443,Henry Ruggs III,LVR,WR,36.0,24.0,3.0,16.0,0.0,469.0,2.0,61.0,7,5.571428571428571,2.0,485.0,8.714285714285714,499.0,87.41025641025641
1444,Marquez Valdes-Scantling,GNB,WR,55.0,26.0,0.0,0.0,0.0,430.0,3.0,61.0,7,7.857142857142857,3.0,430.0,8.714285714285714,446.0,55.10909090909091
1446,Josh Palmer,LAC,WR,49.0,33.0,1.0,6.0,0.0,353.0,4.0,60.0,5,10.0,4.0,359.0,12.0,379.5,36.3
1447,Jamison Crowder,NYJ,WR,71.0,51.0,0.0,0.0,0.0,447.0,2.0,59.0,4,17.75,2.0,447.0,14.75,474.5,25.295774647887324
1448,Zay Jones,LVR,WR,70.0,47.0,2.0,3.0,0.0,546.0,1.0,59.0,9,8.0,1.0,549.0,6.555555555555555,573.5,68.75
1449,Olamide Zaccheaus,ATL,WR,53.0,31.0,1.0,2.0,0.0,406.0,3.0,59.0,8,6.75,3.0,408.0,7.375,426.5,60.888888888888886
1450,Rashod Bateman,BAL,WR,68.0,46.0,0.0,0.0,0.0,515.0,1.0,58.0,4,17.0,1.0,515.0,14.5,539.0,30.352941176470587
1451,Jauan Jennings,SFO,WR,38.0,24.0,0.0,0.0,0.0,282.0,5.0,58.0,1,38.0,5.0,282.0,58.0,299.0,7.552631578947368
1453,Michael Gallup,DAL,WR,62.0,35.0,0.0,0.0,0.0,445.0,2.0,57.0,8,7.75,2.0,445.0,7.125,464.5,57.67741935483871
1454,Zach Pascal,IND,WR,69.0,38.0,2.0,21.0,0.0,384.0,3.0,57.0,13,5.461538461538462,3.0,405.0,4.384615384615385,427.0,74.70422535211267
1456,DeSean Jackson,2TM,WR,34.0,20.0,1.0,4.0,0.0,454.0,2.0,56.0,4,8.75,2.0,458.0,14.0,470.0,52.57142857142857
1458,Tre'Quan Smith,NOR,WR,50.0,32.0,0.0,0.0,0.0,377.0,3.0,56.0,6,8.333333333333334,3.0,377.0,9.333333333333334,396.0,45.599999999999994
1461,Rondale Moore,ARI,WR,64.0,54.0,18.0,76.0,0.0,435.0,1.0,55.0,7,11.714285714285714,1.0,511.0,7.857142857142857,539.0,43.707317073170735
1466,Jamal Agnew,JAX,WR,39.0,24.0,7.0,111.0,1.0,229.0,1.0,52.0,2,23.0,2.0,340.0,26.0,354.0,14.869565217391305
1467,Kenny Golladay,NYG,WR,76.0,37.0,0.0,0.0,0.0,521.0,0.0,52.0,14,5.428571428571429,0.0,521.0,3.7142857142857144,539.5,95.97368421052632
1468,Josh Reynolds,2TM,WR,49.0,29.0,0.0,0.0,0.0,396.0,2.0,52.0,5,9.8,2.0,396.0,10.4,412.5,40.61224489795918
1469,Keelan Cole,NYJ,WR,51.0,28.0,0.0,0.0,0.0,449.0,1.0,51.0,11,4.636363636363637,1.0,449.0,4.636363636363637,464.0,97.05882352941175
1470,Nico Collins,HOU,WR,60.0,33.0,0.0,0.0,0.0,446.0,1.0,51.0,8,7.5,1.0,446.0,6.375,463.5,59.6
1471,T.Y. Hilton,IND,WR,37.0,23.0,0.0,0.0,0.0,331.0,3.0,51.0,9,4.111111111111111,3.0,331.0,5.666666666666667,345.5,81.24324324324326
1474,Devin Duvernay,BAL,WR,47.0,33.0,7.0,50.0,0.0,272.0,2.0,50.0,7,7.714285714285714,2.0,322.0,7.142857142857143,340.5,42.0
1477,Julio Jones,TEN,WR,48.0,31.0,0.0,0.0,0.0,434.0,1.0,49.0,10,4.8,1.0,434.0,4.9,450.5,90.625
1478,Allen Robinson,CHI,WR,66.0,38.0,0.0,0.0,0.0,410.0,1.0,49.0,11,6.0,1.0,410.0,4.454545454545454,430.0,68.5
1479,Laquon Treadwell,JAX,WR,51.0,33.0,0.0,0.0,0.0,434.0,1.0,49.0,7,7.285714285714286,1.0,434.0,7.0,451.5,59.705882352941174
1481,Jerry Jeudy,DEN,WR,56.0,38.0,2.0,3.0,0.0,467.0,0.0,47.0,5,11.6,0.0,470.0,9.4,489.0,40.51724137931035
1482,Mack Hollins,MIA,WR,28.0,14.0,0.0,0.0,0.0,223.0,4.0,46.0,3,9.333333333333334,4.0,223.0,15.333333333333334,234.0,24.32142857142857
1487,Danny Amendola,HOU,WR,38.0,24.0,0.0,0.0,0.0,248.0,3.0,45.0,0,inf,3.0,248.0,inf,263.0,0.0
1489,Jalen Reagor,PHI,WR,57.0,33.0,10.0,32.0,0.0,299.0,2.0,45.0,13,5.153846153846154,2.0,331.0,3.4615384615384617,349.5,64.61194029850746
1493,Demarcus Robinson,KAN,WR,41.0,25.0,0.0,0.0,0.0,264.0,3.0,44.0,10,4.1,3.0,264.0,4.4,279.5,65.1219512195122
1495,Chris Conley,HOU,WR,37.0,22.0,1.0,3.0,0.0,323.0,2.0,43.0,10,3.8,2.0,326.0,4.3,339.0,86.31578947368422
1497,Darius Slayton,NYG,WR,58.0,26.0,1.0,-13.0,0.0,339.0,2.0,43.0,5,11.8,2.0,326.0,8.6,341.0,27.796610169491522
1498,Kadarius Toney,NYG,WR,57.0,39.0,3.0,6.0,0.0,420.0,0.0,43.0,4,15.0,0.0,426.0,10.75,445.5,28.4
1499,Sammy Watkins,BAL,WR,49.0,27.0,0.0,0.0,0.0,394.0,1.0,43.0,9,5.444444444444445,1.0,394.0,4.777777777777778,408.5,72.55102040816327
1501,Sterling Shepard,NYG,WR,53.0,36.0,1.0,-9.0,0.0,366.0,1.0,42.0,6,9.0,1.0,357.0,7.0,376.0,39.77777777777778
1502,James Washington,PIT,WR,44.0,24.0,2.0,13.0,0.0,285.0,2.0,42.0,2,23.0,2.0,298.0,21.0,312.0,13.043478260869565
1510,Calvin Ridley,ATL,WR,52.0,31.0,0.0,0.0,0.0,281.0,2.0,40.0,5,10.4,2.0,281.0,8.0,298.5,27.21153846153846
1511,Damiere Byrd,CHI,WR,38.0,26.0,0.0,0.0,0.0,329.0,1.0,39.0,4,9.5,1.0,329.0,9.75,343.0,34.73684210526316
1513,Ashton Dulin,IND,WR,22.0,13.0,3.0,32.0,0.0,173.0,2.0,39.0,1,25.0,2.0,205.0,39.0,213.5,8.28
1518,Antoine Wesley,ARI,WR,32.0,19.0,0.0,0.0,0.0,208.0,3.0,39.0,4,8.0,3.0,208.0,9.75,220.5,26.375
1520,Adam Humphries,WAS,WR,62.0,41.0,0.0,0.0,0.0,383.0,0.0,38.0,11,5.636363636363637,0.0,383.0,3.4545454545454546,403.5,67.95161290322581
1523,Marquise Goodwin,CHI,WR,40.0,20.0,2.0,-1.0,0.0,313.0,1.0,37.0,2,21.0,1.0,312.0,18.5,323.0,14.904761904761905
1525,Lil'Jordan Humphrey,NOR,WR,18.0,13.0,0.0,0.0,0.0,249.0,2.0,37.0,4,4.5,2.0,249.0,9.25,257.5,55.77777777777778
1529,Tyler Johnson,TAM,WR,55.0,36.0,0.0,0.0,0.0,360.0,0.0,36.0,3,18.333333333333332,0.0,360.0,12.0,378.0,19.636363636363637
1535,Cyril Grayson,TAM,WR,12.0,10.0,1.0,14.0,0.0,212.0,2.0,35.0,3,4.333333333333333,2.0,226.0,11.666666666666666,233.0,52.61538461538462
1536,Chris Moore,HOU,WR,22.0,21.0,0.0,0.0,0.0,227.0,2.0,35.0,1,22.0,2.0,227.0,35.0,239.5,10.409090909090908
1538,Chester Rogers,TEN,WR,43.0,30.0,1.0,9.0,0.0,301.0,1.0,35.0,2,22.0,1.0,310.0,17.5,326.0,14.136363636363637
1539,Quintez Cephus,DET,WR,22.0,15.0,0.0,0.0,0.0,204.0,2.0,34.0,3,7.333333333333333,2.0,204.0,11.333333333333334,213.5,28.090909090909093
1540,Rashard Higgins,CLE,WR,47.0,24.0,0.0,0.0,0.0,275.0,1.0,34.0,4,11.75,1.0,275.0,8.5,288.0,23.48936170212766
1544,Cam Sims,WAS,WR,23.0,15.0,1.0,7.0,0.0,211.0,2.0,34.0,3,8.0,2.0,218.0,11.333333333333334,227.5,27.5
1547,Isaiah McKenzie,BUF,WR,26.0,20.0,9.0,47.0,1.0,178.0,1.0,33.0,2,17.5,2.0,225.0,16.5,237.0,12.971428571428572
1549,Malik Turner,DAL,WR,16.0,12.0,0.0,0.0,0.0,149.0,3.0,33.0,0,inf,3.0,149.0,inf,158.0,0.0
1555,Brandon Zylstra,CAR,WR,25.0,18.0,0.0,0.0,0.0,250.0,1.0,31.0,3,8.333333333333334,1.0,250.0,10.333333333333334,260.0,30.119999999999997
1556,John Ross,NYG,WR,20.0,11.0,1.0,16.0,0.0,224.0,1.0,30.0,1,21.0,1.0,240.0,30.0,246.5,11.476190476190476
1558,Jakeem Grant,2TM,WR,17.0,11.0,5.0,33.0,0.0,132.0,2.0,29.0,0,inf,2.0,165.0,inf,172.5,0.0
1560,Isaiah Ford,MIA,WR,17.0,12.0,0.0,0.0,0.0,161.0,2.0,28.0,2,8.5,2.0,161.0,14.0,169.0,19.176470588235293
1562,Greg Ward,PHI,WR,11.0,7.0,0.0,0.0,0.0,95.0,3.0,28.0,0,inf,3.0,95.0,inf,101.5,0.0
1564,Tavon Austin,JAX,WR,37.0,24.0,3.0,21.0,0.0,213.0,1.0,27.0,3,13.333333333333334,1.0,234.0,9.0,247.0,17.625
1565,DJ Chark,JAX,WR,22.0,7.0,0.0,0.0,0.0,154.0,2.0,27.0,4,5.5,2.0,154.0,6.75,159.5,28.363636363636363
1567,Ray-Ray McCloud,PIT,WR,66.0,39.0,2.0,15.0,0.0,277.0,0.0,27.0,5,13.6,0.0,292.0,5.4,311.5,21.47058823529412
1575,Kendall Hinton,DEN,WR,23.0,15.0,0.0,0.0,0.0,175.0,1.0,24.0,1,23.0,1.0,175.0,24.0,183.5,7.6521739130434785
1577,Ihmir Smith-Marsette,MIN,WR,6.0,5.0,0.0,0.0,0.0,116.0,2.0,24.0,1,6.0,2.0,116.0,24.0,120.5,19.666666666666668
1584,Anthony Schwartz,CLE,WR,23.0,10.0,6.0,39.0,0.0,135.0,1.0,23.0,2,14.5,1.0,174.0,11.5,180.0,12.068965517241379
1585,Tajae Sharpe,ATL,WR,37.0,25.0,0.0,0.0,0.0,230.0,0.0,23.0,7,5.285714285714286,0.0,230.0,3.2857142857142856,242.5,43.513513513513516
1586,Albert Wilson,MIA,WR,39.0,25.0,4.0,17.0,0.0,213.0,0.0,23.0,5,8.6,0.0,230.0,4.6,242.5,26.74418604651163
1588,Parris Campbell,IND,WR,20.0,10.0,0.0,0.0,0.0,162.0,1.0,22.0,3,6.666666666666667,1.0,162.0,7.333333333333333,168.0,24.45
1591,Breshad Perriman,TAM,WR,18.0,11.0,1.0,-3.0,0.0,167.0,1.0,22.0,0,inf,1.0,164.0,inf,170.5,0.0
1598,James Proche,BAL,WR,20.0,16.0,0.0,0.0,0.0,202.0,0.0,20.0,0,inf,0.0,202.0,inf,210.0,0.0
1599,JuJu Smith-Schuster,PIT,WR,28.0,15.0,3.0,9.0,1.0,129.0,0.0,20.0,5,6.2,1.0,138.0,4.0,146.5,22.419354838709676
1605,Noah Brown,DAL,WR,25.0,16.0,0.0,0.0,0.0,184.0,0.0,18.0,1,25.0,0.0,184.0,18.0,192.0,7.36
1606,D'Wayne Eskridge,SEA,WR,20.0,10.0,4.0,59.0,0.0,64.0,1.0,18.0,0,inf,1.0,123.0,inf,129.0,0.0
1607,KhaDarel Hodge,DET,WR,27.0,13.0,0.0,0.0,0.0,157.0,0.0,18.0,1,27.0,0.0,157.0,18.0,163.5,5.814814814814815
1609,Mohamed Sanu,SFO,WR,24.0,15.0,0.0,0.0,0.0,177.0,0.0,18.0,0,inf,0.0,177.0,inf,184.5,0.0
1616,Dyami Brown,WAS,WR,25.0,12.0,1.0,-4.0,0.0,165.0,0.0,16.0,6,4.333333333333333,0.0,161.0,2.6666666666666665,167.0,37.15384615384615
1618,N'Keal Harry,NWE,WR,22.0,12.0,0.0,0.0,0.0,184.0,0.0,16.0,4,5.5,0.0,184.0,4.0,190.0,33.45454545454545
1619,Marcus Johnson,TEN,WR,19.0,9.0,2.0,-2.0,0.0,160.0,0.0,16.0,3,7.0,0.0,158.0,5.333333333333333,162.5,22.571428571428573
1620,Terrace Marshall Jr.,CAR,WR,30.0,17.0,0.0,0.0,0.0,138.0,0.0,16.0,3,10.0,0.0,138.0,5.333333333333333,146.5,13.8
1622,Kristian Wilkerson,NWE,WR,8.0,4.0,0.0,0.0,0.0,42.0,2.0,16.0,1,8.0,2.0,42.0,16.0,46.0,5.5
1626,Dante Pettis,NYG,WR,16.0,10.0,0.0,0.0,0.0,87.0,1.0,15.0,0,inf,1.0,87.0,inf,93.0,0.0
1628,Trent Sherfield,SFO,WR,20.0,9.0,0.0,0.0,0.0,87.0,1.0,15.0,1,20.0,1.0,87.0,15.0,92.5,4.4
1633,Scott Miller,TAM,WR,9.0,5.0,2.0,43.0,1.0,38.0,0.0,14.0,0,inf,1.0,81.0,inf,84.5,0.0
1634,Ty Montgomery,NOR,WR,26.0,16.0,15.0,44.0,0.0,95.0,0.0,14.0,3,13.666666666666666,0.0,139.0,4.666666666666667,147.0,10.170731707317074
1639,Denzel Mims,NYJ,WR,23.0,8.0,0.0,0.0,0.0,133.0,0.0,13.0,3,7.666666666666667,0.0,133.0,4.333333333333333,137.0,17.34782608695652
1641,Ben Skowronek,LAR,WR,20.0,11.0,0.0,0.0,0.0,133.0,0.0,13.0,1,20.0,0.0,133.0,13.0,138.5,6.65
1643,Kenny Stills,NOR,WR,23.0,6.0,1.0,1.0,0.0,68.0,1.0,13.0,4,6.0,1.0,69.0,3.25,73.0,11.666666666666666
1649,Tom Kennedy,DET,WR,10.0,6.0,0.0,0.0,0.0,54.0,0.0,12.0,0,inf,0.0,54.0,inf,57.0,0.0
1651,Phillip Dorsett,3TM,WR,14.0,7.0,1.0,0.0,0.0,110.0,0.0,11.0,0,inf,0.0,110.0,inf,113.5,0.0
1653,Dez Fitzpatrick,TEN,WR,8.0,5.0,0.0,0.0,0.0,49.0,1.0,11.0,0,inf,1.0,49.0,inf,52.5,0.0
1656,Collin Johnson,NYG,WR,21.0,11.0,0.0,0.0,0.0,105.0,0.0,11.0,1,21.0,0.0,105.0,11.0,110.5,5.0
1661,Jeff Smith,NYJ,WR,17.0,8.0,1.0,-1.0,0.0,113.0,0.0,11.0,3,6.0,0.0,112.0,3.6666666666666665,116.0,18.666666666666668
1663,Equanimeous St. Brown,GNB,WR,17.0,9.0,3.0,14.0,0.0,98.0,0.0,11.0,2,10.0,0.0,112.0,5.5,116.5,11.2
1666,Trinity Benson,DET,WR,22.0,10.0,0.0,0.0,0.0,103.0,0.0,10.0,2,11.0,0.0,103.0,5.0,108.0,9.363636363636363
1670,Chris Hogan,NOR,WR,8.0,4.0,0.0,0.0,0.0,41.0,1.0,10.0,1,8.0,1.0,41.0,10.0,44.0,5.25
1672,Shi Smith,CAR,WR,11.0,6.0,1.0,-3.0,0.0,104.0,0.0,10.0,0,inf,0.0,101.0,inf,104.0,0.0
1674,Auden Tate,CIN,WR,4.0,3.0,0.0,0.0,0.0,39.0,1.0,10.0,0,inf,1.0,39.0,inf,41.5,0.0
1675,Cameron Batson,TEN,WR,5.0,2.0,2.0,15.0,0.0,15.0,1.0,9.0,0,inf,1.0,30.0,inf,32.0,0.0
1676,Josh Gordon,KAN,WR,14.0,5.0,0.0,0.0,0.0,32.0,1.0,9.0,7,2.0,1.0,32.0,1.2857142857142858,35.5,16.5
1681,Anthony Miller,2TM,WR,12.0,6.0,0.0,0.0,0.0,25.0,1.0,9.0,1,12.0,1.0,25.0,9.0,29.0,2.1666666666666665
1688,Dezmon Patmon,IND,WR,4.0,2.0,0.0,0.0,0.0,21.0,1.0,8.0,0,inf,1.0,21.0,inf,23.0,0.0
1691,Preston Williams,MIA,WR,16.0,6.0,1.0,7.0,0.0,71.0,0.0,8.0,3,5.666666666666667,0.0,78.0,2.6666666666666665,81.0,13.76470588235294
1692,KJ Hamler,DEN,WR,10.0,5.0,0.0,0.0,0.0,74.0,0.0,7.0,2,5.0,0.0,74.0,3.5,76.5,14.8
1694,Andre Roberts,2TM,WR,2.0,1.0,3.0,19.0,0.0,35.0,0.0,7.0,0,inf,0.0,54.0,inf,54.5,0.0
1697,Dede Westbrook,MIN,WR,15.0,10.0,0.0,0.0,0.0,68.0,0.0,7.0,0,inf,0.0,68.0,inf,73.0,0.0
1698,C.J. Board,NYG,WR,6.0,4.0,1.0,6.0,0.0,51.0,0.0,6.0,1,7.0,0.0,57.0,6.0,59.0,8.142857142857142
1700,Ja'Marcus Bradley,CLE,WR,4.0,4.0,0.0,0.0,0.0,64.0,0.0,6.0,0,inf,0.0,64.0,inf,66.0,0.0
1701,Alex Erickson,CAR,WR,4.0,3.0,0.0,0.0,0.0,55.0,0.0,6.0,0,inf,0.0,55.0,inf,56.5,0.0
1703,Penny Hart,SEA,WR,12.0,7.0,0.0,0.0,0.0,59.0,0.0,6.0,0,inf,0.0,59.0,inf,62.5,0.0
1704,Dax Milne,WAS,WR,14.0,9.0,1.0,1.0,0.0,83.0,0.0,6.0,1,15.0,0.0,84.0,6.0,88.5,5.6
1705,Jason Moore,LAC,WR,4.0,3.0,0.0,0.0,0.0,56.0,0.0,6.0,1,4.0,0.0,56.0,6.0,57.5,14.0
1707,Amari Rodgers,GNB,WR,8.0,4.0,1.0,11.0,0.0,45.0,0.0,6.0,1,9.0,0.0,56.0,6.0,58.0,6.222222222222222
1710,Jaelon Darden,TAM,WR,12.0,6.0,1.0,11.0,0.0,43.0,0.0,5.0,0,inf,0.0,54.0,inf,57.0,0.0
1711,Will Fuller,MIA,WR,8.0,4.0,0.0,0.0,0.0,26.0,0.0,5.0,0,inf,0.0,26.0,inf,28.0,0.0
1716,Mike Thomas,CIN,WR,11.0,5.0,0.0,0.0,0.0,52.0,0.0,5.0,1,11.0,0.0,52.0,5.0,54.5,4.7272727272727275
1718,JJ Arcega-Whiteside,PHI,WR,5.0,2.0,0.0,0.0,0.0,36.0,0.0,4.0,2,2.5,0.0,36.0,2.0,37.0,14.4
1721,Pharoh Cooper,NYG,WR,11.0,4.0,1.0,3.0,0.0,33.0,0.0,4.0,0,inf,0.0,36.0,inf,38.0,0.0
1723,Greg Dortch,ARI,WR,3.0,3.0,1.0,24.0,0.0,15.0,0.0,4.0,2,2.0,0.0,39.0,2.0,40.5,19.5
1728,D.J. Montgomery,NYJ,WR,6.0,3.0,0.0,0.0,0.0,36.0,0.0,4.0,0,inf,0.0,36.0,inf,37.5,0.0
1729,Gunner Olszewski,NWE,WR,3.0,2.0,1.0,9.0,0.0,31.0,0.0,4.0,0,inf,0.0,40.0,inf,41.0,0.0
1730,Curtis Samuel,WAS,WR,9.0,6.0,4.0,11.0,0.0,27.0,0.0,4.0,1,13.0,0.0,38.0,4.0,41.0,2.923076923076923
1731,Willie Snead,2TM,WR,8.0,4.0,0.0,0.0,0.0,38.0,0.0,4.0,0,inf,0.0,38.0,inf,40.0,0.0
1732,Trent Taylor,CIN,WR,3.0,2.0,0.0,0.0,0.0,41.0,0.0,4.0,0,inf,0.0,41.0,inf,42.0,0.0
1734,Kevin White,NOR,WR,5.0,1.0,0.0,0.0,0.0,38.0,0.0,4.0,1,5.0,0.0,38.0,4.0,38.5,7.6
1735,Juwann Winfree,GNB,WR,13.0,8.0,0.0,0.0,0.0,58.0,0.0,4.0,0,inf,0.0,58.0,inf,62.0,0.0
1737,Christian Blake,ATL,WR,9.0,4.0,0.0,0.0,0.0,25.0,0.0,3.0,0,inf,0.0,25.0,inf,27.0,0.0
1738,Daniel Brown,NYJ,WR,2.0,2.0,0.0,0.0,0.0,29.0,0.0,3.0,0,inf,0.0,29.0,inf,30.0,0.0
1742,K.J. Hill,LAC,WR,3.0,3.0,0.0,0.0,0.0,30.0,0.0,3.0,0,inf,0.0,30.0,inf,31.5,0.0
1744,Cody Hollister,TEN,WR,7.0,4.0,0.0,0.0,0.0,33.0,0.0,3.0,1,7.0,0.0,33.0,3.0,35.0,4.714285714285714
1746,Trenton Irwin,CIN,WR,5.0,2.0,0.0,0.0,0.0,34.0,0.0,3.0,0,inf,0.0,34.0,inf,35.0,0.0
1747,Jake Kumerow,BUF,WR,6.0,2.0,0.0,0.0,0.0,28.0,0.0,3.0,2,3.0,0.0,28.0,1.5,29.0,9.333333333333334
1753,Mike Strachan,IND,WR,3.0,2.0,0.0,0.0,0.0,26.0,0.0,3.0,0,inf,0.0,26.0,inf,27.0,0.0
1755,Cody White,PIT,WR,6.0,5.0,0.0,0.0,0.0,33.0,0.0,3.0,0,inf,0.0,33.0,inf,35.5,0.0
1756,Seth Williams,DEN,WR,1.0,1.0,0.0,0.0,0.0,34.0,0.0,3.0,1,1.0,0.0,34.0,3.0,34.5,34.0
1763,Davion Davis,HOU,WR,3.0,1.0,0.0,0.0,0.0,17.0,0.0,2.0,1,3.0,0.0,17.0,2.0,17.5,5.666666666666667
1766,Tyron Johnson,2TM,WR,5.0,2.0,0.0,0.0,0.0,16.0,0.0,2.0,0,inf,0.0,16.0,inf,17.0,0.0
1767,Marcus Kemp,KAN,WR,5.0,2.0,0.0,0.0,0.0,24.0,0.0,2.0,0,inf,0.0,24.0,inf,25.0,0.0
1768,Keith Kirkwood,CAR,WR,7.0,3.0,0.0,0.0,0.0,17.0,0.0,2.0,0,inf,0.0,17.0,inf,18.5,0.0
1771,Dazz Newsome,CHI,WR,5.0,2.0,0.0,0.0,0.0,23.0,0.0,2.0,1,5.0,0.0,23.0,2.0,24.0,4.6
1776,David Sills,NYG,WR,6.0,2.0,0.0,0.0,0.0,17.0,0.0,2.0,1,6.0,0.0,17.0,2.0,18.0,2.8333333333333335
1779,Tylan Wallace,BAL,WR,6.0,2.0,0.0,0.0,0.0,23.0,0.0,2.0,1,6.0,0.0,23.0,2.0,24.0,3.8333333333333335
1783,Tarik Black,NYJ,WR,2.0,1.0,0.0,0.0,0.0,10.0,0.0,1.0,0,inf,0.0,10.0,inf,10.5,0.0
1785,Miles Boykin,BAL,WR,1.0,1.0,0.0,0.0,0.0,6.0,0.0,1.0,0,inf,0.0,6.0,inf,6.5,0.0
1788,Keke Coutee,IND,WR,1.0,1.0,0.0,0.0,0.0,5.0,0.0,1.0,0,inf,0.0,5.0,inf,5.5,0.0
1790,Frank Darby,ATL,WR,4.0,1.0,0.0,0.0,0.0,14.0,0.0,1.0,0,inf,0.0,14.0,inf,14.5,0.0
1794,Marvin Hall,ATL,WR,1.0,1.0,0.0,0.0,0.0,10.0,0.0,1.0,0,inf,0.0,10.0,inf,10.5,0.0
1798,Andy Isabella,ARI,WR,1.0,1.0,0.0,0.0,0.0,13.0,0.0,1.0,0,inf,0.0,13.0,inf,13.5,0.0
1800,Tommylee Lewis,MIA,WR,2.0,1.0,0.0,0.0,0.0,7.0,0.0,1.0,0,inf,0.0,7.0,inf,7.5,0.0
1803,Kirk Merritt,MIA,WR,3.0,1.0,0.0,0.0,0.0,13.0,0.0,1.0,0,inf,0.0,13.0,inf,13.5,0.0
1804,Jaydon Mickens,2TM,WR,3.0,2.0,0.0,0.0,0.0,10.0,0.0,1.0,0,inf,0.0,10.0,inf,11.0,0.0
1805,Stanley Morgan Jr.,CIN,WR,4.0,2.0,1.0,3.0,0.0,11.0,0.0,1.0,1,5.0,0.0,14.0,1.0,15.0,2.8
1812,C.J. Saunders,CAR,WR,2.0,2.0,0.0,0.0,0.0,11.0,0.0,1.0,0,inf,0.0,11.0,inf,12.0,0.0
1815,Tyrell Williams,DET,WR,3.0,2.0,0.0,0.0,0.0,14.0,0.0,1.0,1,3.0,0.0,14.0,1.0,15.0,4.666666666666667
1816,Easop Winston,NOR,WR,1.0,1.0,0.0,0.0,0.0,5.0,0.0,1.0,1,1.0,0.0,5.0,1.0,5.5,5.0
1824,Alex Bachman,NYG,WR,0.0,0.0,1.0,-3.0,0.0,0.0,0.0,,0,inf,0.0,-3.0,,-3.0,-0.0
1851,Maurice Ffrench,LAC,WR,0.0,0.0,1.0,3.0,0.0,0.0,0.0,,0,inf,0.0,3.0,,3.0,0.0
1909,Racey McMath,TEN,WR,6.0,2.0,0.0,0.0,0.0,8.0,0.0,-1.0,0,inf,0.0,8.0,-inf,9.0,0.0
1910,Malik Taylor,GNB,WR,3.0,2.0,0.0,0.0,0.0,14.0,0.0,-1.0,0,inf,0.0,14.0,-inf,15.0,0.0
1916,Diontae Spencer,DEN,WR,4.0,1.0,0.0,0.0,0.0,-3.0,0.0,-4.0,0,inf,0.0,-3.0,-inf,-2.5,-0.0
